0 0 0 -3.05185e-005 3.05185e-005 -3.05185e-005 0.00784326
0 0 0 -3.05185e-005 3.05185e-005 -3.05185e-005 0.00784326
0 0 0 -3.05185e-005 3.05185e-005 -3.05185e-005 0.00784326
0 0 0 -3.05185e-005 3.05185e-005 -3.05185e-005 0.00784326
0 0 0 -3.05185e-005 3.05185e-005 -3.05185e-005 0.00784326
0 0 0 -3.05185e-005 3.05185e-005 -3.05185e-005 0.00784326
0 0 0 -3.05185e-005 3.05185e-005 -3.05185e-005 0.00784326
0 0 0 -3.05185e-005 3.05185e-005 -3.05185e-005 0.00784326
0 0 0 -3.05185e-005 3.05185e-005 -3.05185e-005 0.00784326
0 0 0 -3.05185e-005 3.05185e-005 -3.05185e-005 0.00784326
0 0 0 -3.05185e-005 3.05185e-005 -3.05185e-005 0.00784326
0 0 0 -3.05185e-005 3.05185e-005 -3.05185e-005 0.00784326
0 0 0 -3.05185e-005 3.05185e-005 -3.05185e-005 0.00784326
0 0 0 -3.05185e-005 3.05185e-005 -3.05185e-005 0.00784326
0 0 0 -3.05185e-005 3.05185e-005 -3.05185e-005 0.00784326
0 0 0 -3.05185e-005 3.05185e-005 -3.05185e-005 0.00784326
0 0 0 -3.05185e-005 3.05185e-005 -3.05185e-005 0.00784326
0 0 0 -3.05185e-005 3.05185e-005 -3.05185e-005 0.00784326
0 0 0 -3.05185e-005 3.05185e-005 -3.05185e-005 0.00784326
0 0 0 -3.05185e-005 3.05185e-005 -3.05185e-005 0.00784326
0 0 0 -3.05185e-005 3.05185e-005 -3.05185e-005 0.00784326
0 0 0 -3.05185e-005 3.05185e-005 -3.05185e-005 0.00784326
0 0 0 -3.05185e-005 3.05185e-005 -3.05185e-005 0.00784326
0 0 0 -3.05185e-005 3.05185e-005 -3.05185e-005 0.00784326
0 0 0 -3.05185e-005 3.05185e-005 -3.05185e-005 0.00784326
0 0 0 -3.05185e-005 3.05185e-005 -3.05185e-005 0.00784326
0 0 0 -3.05185e-005 3.05185e-005 -3.05185e-005 0.00784326
0 0 0 -3.05185e-005 3.05185e-005 -3.05185e-005 0.00784326
0 0 0 -3.05185e-005 3.05185e-005 -3.05185e-005 0.00784326
0 0 0 -3.05185e-005 3.05185e-005 -3.05185e-005 0.00784326
0 0 0 -0.0234687 3.05185e-005 -3.05185e-005 0.00784326
0 0 0 -0.0234687 3.05185e-005 -3.05185e-005 0.00784326
0 0 0 -0.0234687 3.05185e-005 -3.05185e-005 0.00784326
0 0 0 -0.0234687 3.05185e-005 -3.05185e-005 0.00784326
0 0 0 -0.0234687 3.05185e-005 -3.05185e-005 0.00784326
0 0 0 -0.0390942 3.05185e-005 -3.05185e-005 0.00784326
0 0 0 -0.0390942 3.05185e-005 -3.05185e-005 0.00784326
0 0 0 -0.0390942 3.05185e-005 -3.05185e-005 0.00784326
0 0 0 -0.0390942 3.05185e-005 -3.05185e-005 0.00784326
0 0 0 -0.0390942 3.05185e-005 -3.05185e-005 0.00784326
0 0 0 -0.0390942 3.05185e-005 -3.05185e-005 0.00784326
0 0 0 -0.0390942 3.05185e-005 -3.05185e-005 0.00784326
0 0 0 -0.0390942 3.05185e-005 -3.05185e-005 0.00784326
0 0 0 -0.0390942 3.05185e-005 -3.05185e-005 0.00784326
0 0 0 -0.0390942 3.05185e-005 -3.05185e-005 0.00784326
0 0 0 -0.0547197 0.0312815 -3.05185e-005 0.00784326
0 0 0 -0.0547197 0.0312815 -3.05185e-005 0.00784326
0 0 0 -0.0547197 0.0312815 -3.05185e-005 0.00784326
0 0 0 -0.0547197 0.0312815 -3.05185e-005 0.00784326
0 0 0 -0.0547197 0.0312815 -3.05185e-005 0.00784326
0 0 0 -0.0547197 0.0625324 -3.05185e-005 0.00784326
0 0 0 -0.0547197 0.0625324 -3.05185e-005 0.00784326
0 0 0 -0.0547197 0.0625324 -3.05185e-005 0.00784326
0 0 0 -0.0547197 0.0625324 -3.05185e-005 0.00784326
0 0 0 -0.0547197 0.0625324 -3.05185e-005 0.00784326
0 0 0 -0.0703452 0.109409 -3.05185e-005 0.00784326
0 0 0 -0.0703452 0.109409 -3.05185e-005 0.00784326
0 0 0 -0.0703452 0.109409 -3.05185e-005 0.00784326
0 0 0 -0.0703452 0.109409 -3.05185e-005 0.00784326
0 0 0 -0.0703452 0.109409 -3.05185e-005 0.00784326
0 0 0 -0.0859706 0.203162 -3.05185e-005 0.00784326
0 0 0 -0.0859706 0.203162 -3.05185e-005 0.00784326
0 0 0 -0.0859706 0.203162 -3.05185e-005 0.00784326
0 0 0 -0.0859706 0.203162 -3.05185e-005 0.00784326
0 0 0 -0.0859706 0.203162 -3.05185e-005 0.00784326
0 0 0 -0.101596 0.234413 -3.05185e-005 0.00784326
0 0 0 -0.101596 0.234413 -3.05185e-005 0.00784326
0 0 0 -0.101596 0.234413 -3.05185e-005 0.00784326
0 0 0 -0.101596 0.234413 -3.05185e-005 0.00784326
0 0 0 -0.101596 0.234413 -3.05185e-005 0.00784326
0 0 0 -0.101596 0.250038 -3.05185e-005 0.00784326
0 0 0 -0.101596 0.250038 -3.05185e-005 0.00784326
0 0 0 -0.101596 0.250038 -3.05185e-005 0.00784326
0 0 0 -0.101596 0.250038 -3.05185e-005 0.00784326
0 0 0 -0.101596 0.250038 -3.05185e-005 0.00784326
0 0 0 -0.117222 0.250038 -3.05185e-005 0.00784326
0 0 0 -0.117222 0.250038 -3.05185e-005 0.00784326
0 0 0 -0.117222 0.250038 -3.05185e-005 0.00784326
0 0 0 -0.117222 0.250038 -3.05185e-005 0.00784326
0 0 0 -0.117222 0.250038 -3.05185e-005 0.00784326
0 0 0 -0.14066 0.250038 -3.05185e-005 0.00784326
0 0 0 -0.14066 0.250038 -3.05185e-005 0.00784326
0 0 0 -0.14066 0.250038 -3.05185e-005 0.00784326
0 0 0 -0.14066 0.250038 -3.05185e-005 0.00784326
0 0 0 -0.14066 0.250038 -3.05185e-005 0.00784326
0 0 0 -0.156285 0.250038 -3.05185e-005 0.00784326
0 0 0 -0.156285 0.250038 -3.05185e-005 0.00784326
0 0 0 -0.156285 0.250038 -3.05185e-005 0.00784326
0 0 0 -0.156285 0.250038 -3.05185e-005 0.00784326
0 0 0 -0.156285 0.250038 -3.05185e-005 0.00784326
0 0 0 -0.187536 0.273476 -3.05185e-005 0.0312815
0 0 0 -0.187536 0.273476 -3.05185e-005 0.0312815
0 0 0 -0.187536 0.273476 -3.05185e-005 0.0312815
0 0 0 -0.187536 0.273476 -3.05185e-005 0.0312815
0 0 0 -0.187536 0.273476 -3.05185e-005 0.0312815
0 0 0 -0.187536 0.351604 -3.05185e-005 0.0469069
0 0 0 -0.187536 0.351604 -3.05185e-005 0.0469069
0 0 0 -0.187536 0.351604 -3.05185e-005 0.0469069
0 0 0 -0.187536 0.351604 -3.05185e-005 0.0469069
0 0 0 -0.187536 0.351604 -3.05185e-005 0.0469069
0 0 0 -0.187536 0.414106 -3.05185e-005 0.0781579
0 0 0 -0.187536 0.414106 -3.05185e-005 0.0781579
0 0 0 -0.187536 0.414106 -3.05185e-005 0.0781579
0 0 0 -0.187536 0.414106 -3.05185e-005 0.0781579
0 0 0 -0.187536 0.414106 -3.05185e-005 0.0781579
0 0 0 -0.187536 0.531297 -3.05185e-005 0.0781579
0 0 0 -0.187536 0.531297 -3.05185e-005 0.0781579
0 0 0 -0.187536 0.531297 -3.05185e-005 0.0781579
0 0 0 -0.187536 0.531297 -3.05185e-005 0.0781579
0 0 0 -0.187536 0.531297 -3.05185e-005 0.0781579
0 0 0 -0.187536 0.562548 -3.05185e-005 0.101596
0 0 0 -0.187536 0.562548 -3.05185e-005 0.101596
0 0 0 -0.187536 0.562548 -3.05185e-005 0.101596
0 0 0 -0.187536 0.562548 -3.05185e-005 0.101596
0 0 0 -0.187536 0.562548 -3.05185e-005 0.101596
0 0 0 -0.187536 0.578173 -3.05185e-005 0.101596
0 0 0 -0.187536 0.578173 -3.05185e-005 0.101596
0 0 0 -0.187536 0.578173 -3.05185e-005 0.101596
0 0 0 -0.187536 0.578173 -3.05185e-005 0.101596
0 0 0 -0.187536 0.578173 -3.05185e-005 0.101596
0 0 0 -0.187536 0.578173 -3.05185e-005 0.101596
0 0 0 -0.187536 0.578173 -3.05185e-005 0.101596
0 0 0 -0.187536 0.578173 -3.05185e-005 0.101596
0 0 0 -0.187536 0.578173 -3.05185e-005 0.101596
0 0 0 -0.187536 0.578173 -3.05185e-005 0.101596
0 0 0 -0.187536 0.578173 -3.05185e-005 0.0781579
0 0 0 -0.187536 0.578173 -3.05185e-005 0.0781579
0 0 0 -0.187536 0.578173 -3.05185e-005 0.0781579
0 0 0 -0.187536 0.578173 -3.05185e-005 0.0781579
0 0 0 -0.187536 0.578173 -3.05185e-005 0.0781579
0 0 0 -0.187536 0.578173 -3.05185e-005 0.0625324
0 0 0 -0.187536 0.578173 -3.05185e-005 0.0625324
0 0 0 -0.187536 0.578173 -3.05185e-005 0.0625324
0 0 0 -0.187536 0.578173 -3.05185e-005 0.0625324
0 0 0 -0.187536 0.578173 -3.05185e-005 0.0625324
0 0 0 -0.187536 0.578173 -3.05185e-005 0.0625324
0 0 0 -0.187536 0.578173 -3.05185e-005 0.0625324
0 0 0 -0.187536 0.578173 -3.05185e-005 0.0625324
0 0 0 -0.187536 0.578173 -3.05185e-005 0.0625324
0 0 0 -0.187536 0.578173 -3.05185e-005 0.0625324
0 0 0 -0.187536 0.578173 -3.05185e-005 0.0625324
0 0 0 -0.187536 0.578173 -3.05185e-005 0.0625324
0 0 0 -0.187536 0.578173 -3.05185e-005 0.0625324
0 0 0 -0.187536 0.578173 -3.05185e-005 0.0625324
0 0 0 -0.187536 0.578173 -3.05185e-005 0.0625324
0 0 0 -0.187536 0.593799 -3.05185e-005 0.0625324
0 0 0 -0.187536 0.593799 -3.05185e-005 0.0625324
0 0 0 -0.187536 0.593799 -3.05185e-005 0.0625324
0 0 0 -0.187536 0.593799 -3.05185e-005 0.0625324
0 0 0 -0.187536 0.593799 -3.05185e-005 0.0625324
0 0 0 -0.187536 0.62505 -3.05185e-005 0.0625324
0 0 0 -0.187536 0.62505 -3.05185e-005 0.0625324
0 0 0 -0.187536 0.62505 -3.05185e-005 0.0625324
0 0 0 -0.187536 0.62505 -3.05185e-005 0.0625324
0 0 0 -0.187536 0.62505 -3.05185e-005 0.0625324
0 0 0 -0.187536 0.640675 -3.05185e-005 0.0625324
0 0 0 -0.187536 0.640675 -3.05185e-005 0.0625324
0 0 0 -0.187536 0.640675 -3.05185e-005 0.0625324
0 0 0 -0.187536 0.640675 -3.05185e-005 0.0625324
0 0 0 -0.187536 0.640675 -3.05185e-005 0.0625324
0 0 0 -0.187536 0.640675 -3.05185e-005 0.0937834
0 0 0 -0.187536 0.640675 -3.05185e-005 0.0937834
0 0 0 -0.187536 0.640675 -3.05185e-005 0.0937834
0 0 0 -0.187536 0.640675 -3.05185e-005 0.0937834
0 0 0 -0.187536 0.640675 -3.05185e-005 0.0937834
0 0 0 -0.187536 0.640675 -3.05185e-005 0.132847
0 0 0 -0.187536 0.640675 -3.05185e-005 0.132847
0 0 0 -0.187536 0.640675 -3.05185e-005 0.132847
0 0 0 -0.187536 0.640675 -3.05185e-005 0.132847
0 0 0 -0.187536 0.640675 -3.05185e-005 0.132847
0 0 0 -0.187536 0.640675 -3.05185e-005 0.179724
0 0 0 -0.187536 0.640675 -3.05185e-005 0.179724
0 0 0 -0.187536 0.640675 -3.05185e-005 0.179724
0 0 0 -0.187536 0.640675 -3.05185e-005 0.179724
0 0 0 -0.187536 0.640675 -3.05185e-005 0.179724
0 0 0 -0.187536 0.640675 -3.05185e-005 0.218787
0 0 0 -0.187536 0.640675 -3.05185e-005 0.218787
0 0 0 -0.187536 0.640675 -3.05185e-005 0.218787
0 0 0 -0.187536 0.640675 -3.05185e-005 0.218787
0 0 0 -0.187536 0.640675 -3.05185e-005 0.218787
0 0 0 -0.187536 0.656301 -3.05185e-005 0.281289
0 0 0 -0.187536 0.656301 -3.05185e-005 0.281289
0 0 0 -0.187536 0.656301 -3.05185e-005 0.281289
0 0 0 -0.187536 0.656301 -3.05185e-005 0.281289
0 0 0 -0.187536 0.656301 -3.05185e-005 0.281289
0 0 0 -0.187536 0.671926 -3.05185e-005 0.281289
0 0 0 -0.187536 0.671926 -3.05185e-005 0.281289
0 0 0 -0.187536 0.671926 -3.05185e-005 0.281289
0 0 0 -0.187536 0.671926 -3.05185e-005 0.281289
0 0 0 -0.187536 0.671926 -3.05185e-005 0.281289
0 0 0 -0.187536 0.687551 -3.05185e-005 0.304727
0 0 0 -0.187536 0.687551 -3.05185e-005 0.304727
0 0 0 -0.187536 0.687551 -3.05185e-005 0.304727
0 0 0 -0.187536 0.687551 -3.05185e-005 0.304727
0 0 0 -0.187536 0.687551 -3.05185e-005 0.304727
0 0 0 -0.187536 0.718802 -3.05185e-005 0.320353
0 0 0 -0.187536 0.718802 -3.05185e-005 0.320353
0 0 0 -0.187536 0.718802 -3.05185e-005 0.320353
0 0 0 -0.187536 0.718802 -3.05185e-005 0.320353
0 0 0 -0.187536 0.718802 -3.05185e-005 0.320353
0 0 0 -0.187536 0.742241 -3.05185e-005 0.367229
0 0 0 -0.187536 0.742241 -3.05185e-005 0.367229
0 0 0 -0.187536 0.742241 -3.05185e-005 0.367229
0 0 0 -0.187536 0.742241 -3.05185e-005 0.367229
0 0 0 -0.187536 0.742241 -3.05185e-005 0.367229
0 0 0 -0.187536 0.773492 -3.05185e-005 0.390667
0 0 0 -0.187536 0.773492 -3.05185e-005 0.390667
0 0 0 -0.187536 0.773492 -3.05185e-005 0.390667
0 0 0 -0.187536 0.773492 -3.05185e-005 0.390667
0 0 0 -0.187536 0.773492 -3.05185e-005 0.390667
0 0 0 -0.187536 0.789117 -3.05185e-005 0.437544
0 0 0 -0.187536 0.789117 -3.05185e-005 0.437544
0 0 0 -0.187536 0.789117 -3.05185e-005 0.437544
0 0 0 -0.187536 0.789117 -3.05185e-005 0.437544
0 0 0 -0.187536 0.789117 -3.05185e-005 0.437544
0 0 0 -0.187536 0.835994 -3.05185e-005 0.437544
0 0 0 -0.187536 0.835994 -3.05185e-005 0.437544
0 0 0 -0.187536 0.835994 -3.05185e-005 0.437544
0 0 0 -0.187536 0.835994 -3.05185e-005 0.437544
0 0 0 -0.187536 0.835994 -3.05185e-005 0.437544
0 0 0 -0.187536 0.851619 -3.05185e-005 0.437544
0 0 0 -0.187536 0.851619 -3.05185e-005 0.437544
0 0 0 -0.187536 0.851619 -3.05185e-005 0.437544
0 0 0 -0.187536 0.851619 -3.05185e-005 0.437544
0 0 0 -0.187536 0.851619 -3.05185e-005 0.437544
0 0 0 -0.187536 0.851619 -3.05185e-005 0.437544
0 0 0 -0.187536 0.851619 -3.05185e-005 0.437544
0 0 0 -0.187536 0.851619 -3.05185e-005 0.437544
0 0 0 -0.187536 0.867244 -3.05185e-005 0.437544
0 0 0 -0.187536 0.867244 -3.05185e-005 0.437544
0 0 0 -0.187536 0.867244 -3.05185e-005 0.437544
0 0 0 -0.187536 0.867244 -3.05185e-005 0.437544
0 0 0 -0.187536 0.867244 -3.05185e-005 0.437544
0 0 0 -0.187536 0.867244 -3.05185e-005 0.437544
0 0 0 -0.187536 0.88287 -3.05185e-005 0.437544
0 0 0 -0.187536 0.898495 -3.05185e-005 0.437544
0 0 0 -0.187536 0.898495 -3.05185e-005 0.437544
0 0 0 -0.187536 0.898495 -3.05185e-005 0.437544
0 0 0 -0.187536 0.914121 -3.05185e-005 0.437544
0 0 0 -0.187536 0.914121 -3.05185e-005 0.437544
0 0 0 -0.187536 0.929746 -3.05185e-005 0.437544
0 0 0 -0.187536 0.945372 -3.05185e-005 0.437544
0 0 0 -0.187536 0.945372 -3.05185e-005 0.437544
0 0 0 -0.187536 0.945372 -3.05185e-005 0.437544
0 0 0 -0.187536 0.945372 -3.05185e-005 0.437544
0 0 0 -0.187536 1.00003 -3.05185e-005 0.453169
0 0 0 -0.187536 1.00003 -3.05185e-005 0.453169
0 0 0 -0.187536 1.00003 -3.05185e-005 0.453169
0 0 0 -0.187536 1.00003 -3.05185e-005 0.453169
0 0 0 -0.187536 1.00003 -3.05185e-005 0.453169
0 0 0 -0.203162 1.00003 -3.05185e-005 0.453169
0 0 0 -0.203162 1.00003 -3.05185e-005 0.453169
0 0 0 -0.203162 1.00003 -3.05185e-005 0.453169
0 0 0 -0.203162 1.00003 -3.05185e-005 0.453169
0 0 0 -0.203162 1.00003 -3.05185e-005 0.453169
0 0 0 -0.203162 1.00003 -3.05185e-005 0.453169
0 0 0 -0.203162 1.00003 -3.05185e-005 0.453169
0 0 0 -0.203162 1.00003 -3.05185e-005 0.453169
0 0 0 -0.203162 1.00003 -3.05185e-005 0.453169
0 0 0 -0.203162 1.00003 -3.05185e-005 0.453169
0 0 0 -0.203162 1.00003 -3.05185e-005 0.476608
0 0 0 -0.203162 1.00003 -3.05185e-005 0.476608
0 0 0 -0.203162 1.00003 -3.05185e-005 0.476608
0 0 0 -0.203162 1.00003 -3.05185e-005 0.476608
0 0 0 -0.203162 1.00003 -3.05185e-005 0.476608
0 0 0 -0.203162 1.00003 -3.05185e-005 0.523484
0 0 0 -0.203162 1.00003 -3.05185e-005 0.523484
0 0 0 -0.203162 1.00003 -3.05185e-005 0.523484
0 0 0 -0.203162 1.00003 -3.05185e-005 0.523484
0 0 0 -0.203162 1.00003 -3.05185e-005 0.523484
0 0 0 -0.203162 0.976623 -3.05185e-005 0.523484
0 0 0 -0.203162 0.976623 -3.05185e-005 0.523484
0 0 0 -0.203162 0.976623 -3.05185e-005 0.523484
0 0 0 -0.203162 0.976623 -3.05185e-005 0.523484
0 0 0 -0.203162 0.976623 -3.05185e-005 0.523484
0 0 0 -0.203162 0.960997 -3.05185e-005 0.539109
0 0 0 -0.203162 0.960997 -3.05185e-005 0.539109
0 0 0 -0.203162 0.960997 -3.05185e-005 0.539109
0 0 0 -0.203162 0.960997 -3.05185e-005 0.539109
0 0 0 -0.203162 0.960997 -3.05185e-005 0.539109
0 0 0 -0.203162 0.945372 -3.05185e-005 0.554735
0 0 0 -0.203162 0.945372 -3.05185e-005 0.554735
0 0 0 -0.203162 0.945372 -3.05185e-005 0.554735
0 0 0 -0.203162 0.945372 -3.05185e-005 0.554735
0 0 0 -0.203162 0.945372 -3.05185e-005 0.554735
0 0 0 -0.203162 0.945372 -3.05185e-005 0.562548
0 0 0 -0.203162 0.945372 -3.05185e-005 0.562548
0 0 0 -0.203162 0.945372 -3.05185e-005 0.562548
0 0 0 -0.203162 0.945372 -3.05185e-005 0.562548
0 0 0 -0.203162 0.945372 -3.05185e-005 0.562548
0 0 0 -0.171911 0.945372 -3.05185e-005 0.578173
0 0 0 -0.171911 0.945372 -3.05185e-005 0.578173
0 0 0 -0.171911 0.945372 -3.05185e-005 0.578173
0 0 0 -0.171911 0.945372 -3.05185e-005 0.578173
0 0 0 -0.171911 0.945372 -3.05185e-005 0.578173
0 0 0 -0.171911 0.945372 -3.05185e-005 0.609424
0 0 0 -0.171911 0.945372 -3.05185e-005 0.609424
0 0 0 -0.171911 0.945372 -3.05185e-005 0.609424
0 0 0 -0.171911 0.945372 -3.05185e-005 0.609424
0 0 0 -0.171911 0.945372 -3.05185e-005 0.609424
0 0 0 -0.171911 0.945372 -3.05185e-005 0.62505
0 0 0 -0.171911 0.945372 -3.05185e-005 0.62505
0 0 0 -0.171911 0.945372 -3.05185e-005 0.62505
0 0 0 -0.171911 0.945372 -3.05185e-005 0.62505
0 0 0 -0.171911 0.945372 -3.05185e-005 0.62505
0 0 0 -0.171911 0.945372 -3.05185e-005 0.640675
0 0 0 -0.171911 0.945372 -3.05185e-005 0.640675
0 0 0 -0.171911 0.945372 -3.05185e-005 0.640675
0 0 0 -0.171911 0.945372 -3.05185e-005 0.640675
0 0 0 -0.171911 0.945372 -3.05185e-005 0.640675
0 0 0 -0.171911 0.945372 -0.00784326 0.664113
0 0 0 -0.171911 0.945372 -0.00784326 0.664113
0 0 0 -0.171911 0.945372 -0.00784326 0.664113
0 0 0 -0.171911 0.945372 -0.00784326 0.664113
0 0 0 -0.171911 0.945372 -0.00784326 0.664113
0 0 0 -0.187536 0.976623 -0.00784326 0.71099
0 0 0 -0.187536 0.976623 -0.00784326 0.71099
0 0 0 -0.187536 0.976623 -0.00784326 0.71099
0 0 0 -0.187536 0.976623 -0.00784326 0.71099
0 0 0 -0.187536 0.976623 -0.00784326 0.71099
0 0 0 -0.203162 0.976623 -0.00784326 0.742241
0 0 0 -0.203162 0.976623 -0.00784326 0.742241
0 0 0 -0.203162 0.976623 -0.00784326 0.742241
0 0 0 -0.203162 0.976623 -0.00784326 0.742241
0 0 0 -0.203162 0.976623 -0.00784326 0.742241
0 0 -0.05 -0.203162 0.976623 -0.00784326 0.742241
0 0 -0.05 -0.203162 0.976623 -0.00784326 0.742241
0 0 -0.05 -0.203162 0.976623 -0.00784326 0.742241
0 0 -0.05 -0.203162 0.976623 -0.00784326 0.742241
0 0 -0.05 -0.203162 0.976623 -0.00784326 0.742241
0 0 -0.05 -0.203162 0.976623 -0.00784326 0.750053
0 0 -0.05 -0.203162 0.976623 -0.00784326 0.750053
0 0 -0.05 -0.203162 0.976623 -0.00784326 0.750053
0 0 -0.05 -0.203162 0.976623 -0.00784326 0.750053
0 0 -0.05 -0.203162 0.976623 -0.00784326 0.750053
0 0 -0.05 -0.203162 0.976623 -0.00784326 0.750053
0 0 -0.05 -0.203162 0.976623 -0.00784326 0.750053
0 0 -0.05 -0.203162 0.976623 -0.00784326 0.750053
0 0 -0.05 -0.203162 0.976623 -0.00784326 0.750053
0 0 -0.05 -0.203162 0.976623 -0.00784326 0.750053
0 0 -0.05 -0.203162 0.929746 -0.00784326 0.750053
0 0 -0.05 -0.203162 0.929746 -0.00784326 0.750053
0 0 -0.05 -0.203162 0.929746 -0.00784326 0.750053
0 0 -0.05 -0.203162 0.929746 -0.00784326 0.750053
0 0 -0.05 -0.203162 0.914121 -0.00784326 0.750053
0 0 -0.05 -0.203162 0.898495 -0.00784326 0.750053
0 0 -0.05 -0.203162 0.898495 -0.00784326 0.750053
0 0 -0.05 -0.203162 0.898495 -0.00784326 0.750053
0 0 -0.05 -0.203162 0.898495 -0.00784326 0.750053
0 0 -0.05 -0.203162 0.898495 -0.00784326 0.750053
0 0 -0.05 -0.203162 0.851619 -0.00784326 0.750053
0 0 -0.05 -0.203162 0.851619 -0.00784326 0.750053
0 0 -0.05 -0.203162 0.851619 -0.00784326 0.750053
0 0 -0.05 -0.203162 0.851619 -0.00784326 0.750053
0 0 -0.05 -0.203162 0.851619 -0.00784326 0.750053
0 0 -0.05 -0.203162 0.835994 -0.00784326 0.750053
0 0 -0.05 -0.203162 0.820368 -0.00784326 0.750053
0 0 -0.05 -0.203162 0.820368 -0.00784326 0.750053
0 0 -0.05 -0.203162 0.820368 -0.00784326 0.750053
0 0 -0.05 -0.203162 0.820368 -0.00784326 0.750053
0 0 -0.05 -0.203162 0.804743 -0.00784326 0.750053
0 0 -0.05 -0.203162 0.804743 -0.00784326 0.750053
0 0 -0.05 -0.203162 0.804743 -0.00784326 0.750053
0 0 -0.05 -0.203162 0.804743 -0.00784326 0.750053
0 0 -0.05 -0.203162 0.804743 -0.00784326 0.750053
0 0 -0.05 -0.203162 0.804743 -0.00784326 0.750053
0 0 -0.05 -0.203162 0.804743 -0.00784326 0.750053
0 0 -0.05 -0.203162 0.804743 -0.00784326 0.750053
0 0 -0.05 -0.203162 0.804743 -0.00784326 0.750053
0 0 -0.05 -0.203162 0.804743 -0.00784326 0.750053
0 0 -0.05 -0.203162 0.804743 -0.00784326 0.750053
0 0 -0.05 -0.203162 0.804743 -0.00784326 0.750053
0 0 -0.05 -0.203162 0.804743 -0.00784326 0.750053
0 0 -0.05 -0.203162 0.804743 -0.00784326 0.750053
0 0 -0.05 -0.203162 0.804743 -0.00784326 0.750053
0 0 -0.05 -0.203162 0.804743 -0.00784326 0.750053
0 0 -0.05 -0.203162 0.804743 -0.00784326 0.750053
0 0 -0.05 -0.203162 0.804743 -0.00784326 0.750053
0 0 -0.05 -0.203162 0.804743 -0.00784326 0.750053
0 0 -0.05 -0.203162 0.804743 -0.00784326 0.750053
0 0 -0.05 -0.203162 0.789117 -0.00784326 0.750053
0 0 -0.05 -0.203162 0.789117 -0.00784326 0.750053
0 0 -0.05 -0.203162 0.789117 -0.00784326 0.750053
0 0 -0.05 -0.203162 0.789117 -0.00784326 0.750053
0 0 -0.05 -0.203162 0.789117 -0.00784326 0.750053
0 0 -0.05 -0.203162 0.789117 -0.00784326 0.750053
0 0 -0.05 -0.203162 0.789117 -0.00784326 0.750053
0 0 -0.05 -0.203162 0.789117 -0.00784326 0.750053
0 0 -0.05 -0.203162 0.789117 -0.00784326 0.750053
0 0 -0.05 -0.203162 0.789117 -0.00784326 0.750053
0 0 -0.05 -0.203162 0.789117 -0.00784326 0.750053
0 0 -0.05 -0.203162 0.789117 -0.00784326 0.750053
0 0 -0.05 -0.203162 0.789117 -0.00784326 0.750053
0 0 -0.05 -0.203162 0.789117 -0.00784326 0.750053
0 0 -0.05 -0.203162 0.789117 -0.00784326 0.750053
0 0 -0.05 -0.203162 0.789117 -0.00784326 0.750053
0 0 -0.05 -0.203162 0.789117 -0.00784326 0.750053
0 0 -0.05 -0.203162 0.789117 -0.00784326 0.750053
0 0 -0.05 -0.203162 0.789117 -0.00784326 0.750053
0 0 -0.05 -0.203162 0.789117 -0.00784326 0.750053
0 0 -0.05 -0.203162 0.789117 -0.00784326 0.750053
0 0 -0.05 -0.203162 0.789117 -0.00784326 0.750053
0 0 -0.05 -0.203162 0.789117 -0.00784326 0.750053
0 0 -0.05 -0.203162 0.789117 -0.00784326 0.750053
0 0 -0.05 -0.203162 0.789117 -0.00784326 0.750053
0 0 -0.05 -0.203162 0.789117 -0.00784326 0.726615
0 0 -0.05 -0.203162 0.789117 -0.00784326 0.726615
0 0 -0.05 -0.203162 0.789117 -0.00784326 0.726615
0 0 -0.05 -0.203162 0.789117 -0.00784326 0.726615
0 0 -0.05 -0.203162 0.789117 -0.00784326 0.726615
0 0 -0.05 -0.203162 0.789117 -0.00784326 0.726615
0 0 -0.05 -0.203162 0.789117 -0.00784326 0.726615
0 0 -0.05 -0.203162 0.789117 -0.00784326 0.726615
0 0 -0.05 -0.203162 0.789117 -0.00784326 0.726615
0 0 -0.05 -0.203162 0.789117 -0.00784326 0.726615
0 0 -0.05 -0.203162 0.789117 -0.00784326 0.726615
0 0 -0.05 -0.203162 0.789117 -0.00784326 0.726615
0 0 -0.05 -0.203162 0.789117 -0.00784326 0.726615
0 0 -0.05 -0.203162 0.789117 -0.00784326 0.726615
0 0 -0.05 -0.203162 0.789117 -0.00784326 0.726615
0 0 -0.05 -0.203162 0.789117 -0.00784326 0.726615
0 0 -0.05 -0.203162 0.789117 -0.00784326 0.726615
0 0 -0.05 -0.203162 0.789117 -0.00784326 0.726615
0 0 -0.05 -0.203162 0.789117 -0.00784326 0.726615
0 0 -0.05 -0.203162 0.789117 -0.00784326 0.726615
0 0 -0.05 -0.203162 0.789117 -0.00784326 0.726615
0 0 -0.05 -0.203162 0.789117 -0.00784326 0.726615
0 0 -0.05 -0.203162 0.789117 -0.00784326 0.726615
0 0 -0.05 -0.203162 0.789117 -0.00784326 0.726615
0 0 -0.05 -0.203162 0.789117 -0.00784326 0.726615
0 0 -0.05 -0.203162 0.789117 -0.00784326 0.726615
0 0 -0.05 -0.203162 0.789117 -0.00784326 0.726615
0 0 -0.05 -0.203162 0.789117 -0.00784326 0.726615
0 0 -0.05 -0.203162 0.789117 -0.00784326 0.726615
0 0 -0.05 -0.203162 0.789117 -0.00784326 0.726615
0 0 -0.05 -0.203162 0.789117 -0.00784326 0.726615
0 0 -0.05 -0.203162 0.789117 -0.00784326 0.726615
0 0 -0.05 -0.203162 0.789117 -0.00784326 0.726615
0 0 -0.05 -0.203162 0.789117 -0.00784326 0.726615
0 0 -0.05 -0.203162 0.789117 -0.00784326 0.726615
0 0 -0.05 -0.203162 0.789117 -0.00784326 0.726615
0 0 -0.05 -0.203162 0.789117 -0.00784326 0.726615
0 0 -0.05 -0.203162 0.789117 -0.00784326 0.726615
0 0 -0.05 -0.203162 0.789117 -0.00784326 0.726615
0 0 -0.05 -0.203162 0.789117 -0.00784326 0.726615
0 0 -0.05 -0.203162 0.789117 -0.00784326 0.726615
0 0 -0.05 -0.203162 0.789117 -0.00784326 0.726615
0 0 -0.05 -0.203162 0.789117 -0.00784326 0.726615
0 0 -0.05 -0.203162 0.789117 -0.00784326 0.726615
0 0 -0.05 -0.203162 0.789117 -0.00784326 0.726615
0 0 -0.05 -0.203162 0.789117 -0.00784326 0.726615
0 0 -0.05 -0.203162 0.789117 -0.00784326 0.726615
0 0 -0.05 -0.203162 0.789117 -0.00784326 0.726615
0 0 -0.05 -0.203162 0.789117 -0.00784326 0.726615
0 0 -0.05 -0.203162 0.789117 -0.00784326 0.726615
0 0 -0.05 -0.203162 0.789117 -0.00784326 0.726615
0 0 -0.05 -0.203162 0.789117 -0.00784326 0.726615
0 0 -0.05 -0.203162 0.789117 -0.00784326 0.726615
0 0 -0.05 -0.203162 0.789117 -0.00784326 0.750053
0 0 -0.05 -0.203162 0.789117 -0.00784326 0.750053
0 0 -0.05 -0.203162 0.789117 -0.00784326 0.765679
0 0 -0.05 -0.203162 0.789117 -0.00784326 0.765679
0 0 -0.05 -0.203162 0.789117 -0.00784326 0.765679
0 0 -0.05 -0.203162 0.789117 -0.00784326 0.765679
0 0 -0.05 -0.203162 0.789117 -0.00784326 0.781304
0 0 -0.05 -0.203162 0.789117 -0.00784326 0.812555
0 0 -0.05 -0.203162 0.789117 -0.00784326 0.812555
0 0 -0.05 -0.203162 0.789117 -0.00784326 0.812555
0 0 -0.05 -0.203162 0.789117 -0.00784326 0.812555
0 0 -0.05 -0.203162 0.789117 -0.00784326 0.812555
0 0 -0.05 -0.203162 0.789117 -0.015656 0.812555
0 0 -0.05 -0.203162 0.789117 -0.015656 0.812555
0 0 -0.05 -0.203162 0.789117 -0.015656 0.812555
0 0 -0.05 -0.203162 0.789117 -0.015656 0.812555
0 0 -0.05 -0.203162 0.789117 -0.015656 0.812555
0 0 -0.05 -0.203162 0.789117 -0.015656 0.812555
0 0 -0.05 -0.203162 0.789117 -0.015656 0.812555
0 0 -0.05 -0.203162 0.789117 -0.015656 0.812555
0 0 -0.05 -0.203162 0.789117 -0.015656 0.812555
0 0 -0.05 -0.203162 0.789117 -0.015656 0.812555
0 0 -0.05 -0.171911 0.789117 -0.015656 0.812555
0 0 -0.05 -0.171911 0.789117 -0.015656 0.812555
0 0 -0.05 -0.171911 0.789117 -0.015656 0.812555
0 0 -0.05 -0.171911 0.789117 -0.015656 0.812555
0 0 -0.05 -0.171911 0.789117 -0.015656 0.812555
0 0 -0.05 -0.14066 0.757866 -0.015656 0.812555
0 0 -0.05 -0.14066 0.757866 -0.015656 0.812555
0 0 -0.05 -0.14066 0.757866 -0.015656 0.812555
0 0 -0.05 -0.14066 0.757866 -0.015656 0.812555
0 0 -0.05 -0.14066 0.757866 -0.015656 0.812555
0 0 -0.05 -0.14066 0.703177 -0.015656 0.812555
0 0 -0.05 -0.14066 0.703177 -0.015656 0.812555
0 0 -0.05 -0.14066 0.703177 -0.015656 0.812555
0 0 -0.05 -0.14066 0.703177 -0.015656 0.812555
0 0 -0.05 -0.14066 0.703177 -0.015656 0.812555
0 0 -0.05 -0.14066 0.546922 -0.015656 0.812555
0 0 -0.05 -0.14066 0.546922 -0.015656 0.812555
0 0 -0.05 -0.14066 0.546922 -0.015656 0.812555
0 0 -0.05 -0.14066 0.546922 -0.015656 0.812555
0 0 -0.05 -0.14066 0.546922 -0.015656 0.812555
0 0 -0.05 -0.101596 0.492233 -0.015656 0.812555
0 0 -0.05 -0.101596 0.492233 -0.015656 0.812555
0 0 -0.05 -0.101596 0.492233 -0.015656 0.812555
0 0 -0.05 -0.101596 0.492233 -0.015656 0.812555
0 0 -0.05 -0.101596 0.492233 -0.015656 0.812555
0 0 -0.05 -0.101596 0.351604 -0.0312815 0.812555
0 0 -0.05 -0.101596 0.351604 -0.0312815 0.812555
0 0 -0.05 -0.101596 0.351604 -0.0312815 0.812555
0 0 -0.05 -0.101596 0.351604 -0.0312815 0.812555
0 0 -0.05 -0.101596 0.351604 -0.0312815 0.812555
0 0 0 -0.101596 0.289102 -0.0312815 0.812555
0 0 0 -0.101596 0.289102 -0.0312815 0.812555
0 0 0 -0.101596 0.289102 -0.0312815 0.812555
0 0 0 -0.101596 0.289102 -0.0312815 0.812555
0 0 0 -0.101596 0.289102 -0.0312815 0.812555
0 0 0 -0.0859706 0.203162 -0.0469069 0.812555
0 0 0 -0.0859706 0.203162 -0.0469069 0.812555
0 0 0 -0.0859706 0.203162 -0.0469069 0.812555
0 0 0 -0.0859706 0.203162 -0.0469069 0.812555
0 0 0 -0.0859706 0.203162 -0.0469069 0.812555
0 0 0 -0.0390942 0.0937834 -0.0469069 0.812555
0 0 0 -0.0390942 0.0937834 -0.0469069 0.812555
0 0 0 -0.0390942 0.0937834 -0.0469069 0.812555
0 0 0 -0.0390942 0.0937834 -0.0469069 0.812555
0 0 0 -0.0390942 0.0937834 -0.0469069 0.812555
0 0 0 -0.00784326 0.0312815 -0.0781579 0.828181
0 0 0 -0.00784326 0.0312815 -0.0781579 0.828181
0 0 0 -0.00784326 0.0312815 -0.0781579 0.828181
0 0 0 -0.00784326 0.0312815 -0.0781579 0.828181
0 0 0 -0.00784326 0.0312815 -0.0781579 0.828181
0 0 0 -3.05185e-005 0.00784326 -0.117222 0.828181
0 0 0 -3.05185e-005 0.00784326 -0.117222 0.828181
0 0 0 -3.05185e-005 0.00784326 -0.117222 0.828181
0 0 0 -3.05185e-005 0.00784326 -0.117222 0.828181
0 0 0 -3.05185e-005 0.00784326 -0.117222 0.828181
0 0 0 -3.05185e-005 3.05185e-005 -0.148473 0.828181
0 0 0 -3.05185e-005 3.05185e-005 -0.148473 0.828181
0 0 0 -3.05185e-005 3.05185e-005 -0.148473 0.828181
0 0 0 -3.05185e-005 3.05185e-005 -0.148473 0.828181
0 0 0 -3.05185e-005 3.05185e-005 -0.148473 0.828181
0 0 0 -0.0547197 3.05185e-005 -0.148473 0.828181
0 0 0 -0.0547197 3.05185e-005 -0.148473 0.828181
0 0 0 -0.0547197 3.05185e-005 -0.148473 0.828181
0 0 0 -0.0547197 3.05185e-005 -0.148473 0.828181
0 0 0 -0.0547197 3.05185e-005 -0.148473 0.828181
0 0 0 -0.0547197 3.05185e-005 -0.164098 0.765679
0 0 0 -0.0547197 3.05185e-005 -0.164098 0.765679
0 0 0 -0.0547197 3.05185e-005 -0.164098 0.765679
0 0 0 -0.0547197 3.05185e-005 -0.164098 0.765679
0 0 0 -0.0547197 3.05185e-005 -0.164098 0.765679
0 0 0 -0.0234687 -0.103153 -0.132847 0.664113
0 0 0 -0.0234687 -0.103153 -0.132847 0.664113
0 0 0 -0.0234687 -0.103153 -0.132847 0.664113
0 0 0 -0.0234687 -0.103153 -0.132847 0.664113
0 0 0 -0.0234687 -0.103153 -0.132847 0.664113
0 0 0 -0.0234687 -0.174596 -0.0312815 0.367229
0 0 0 -0.0234687 -0.174596 -0.0312815 0.367229
0 0 0 -0.0234687 -0.174596 -0.0312815 0.367229
0 0 0 -0.0234687 -0.174596 -0.0312815 0.367229
0 0 0 -0.0234687 -0.174596 -0.0312815 0.367229
0 0 0 -0.00784326 -0.190466 -3.05185e-005 0.0781579
0 0 0 -0.00784326 -0.190466 -3.05185e-005 0.0781579
0 0 0 -0.00784326 -0.190466 -3.05185e-005 0.0781579
0 0 0 -0.00784326 -0.190466 -3.05185e-005 0.0781579
0 0 0 -0.00784326 -0.190466 -3.05185e-005 0.0781579
0 0 0 -0.00784326 -0.190466 -3.05185e-005 0.00784326
0 0 0 -0.00784326 -0.190466 -3.05185e-005 0.00784326
0 0 0 -0.00784326 -0.190466 -3.05185e-005 0.00784326
0 0 0 -0.00784326 -0.190466 -3.05185e-005 0.00784326
0 0 0 -0.00784326 -0.190466 -3.05185e-005 0.00784326
0 0 0 -0.00784326 -0.150792 -3.05185e-005 0.00784326
0 0 0 -0.00784326 -0.150792 -3.05185e-005 0.00784326
0 0 0 -0.00784326 -0.150792 -3.05185e-005 0.00784326
0 0 0 -0.00784326 -0.150792 -3.05185e-005 0.00784326
0 0 0 -0.00784326 -0.0634785 -3.05185e-005 0.00784326
0 0 0 -0.00784326 3.05185e-005 -3.05185e-005 0.00784326
0 0 0 -0.00784326 3.05185e-005 -3.05185e-005 0.00784326
0 0 0 -0.00784326 3.05185e-005 -3.05185e-005 0.00784326
0 0 0 -0.00784326 3.05185e-005 -3.05185e-005 0.00784326
0 0 0 -0.00784326 3.05185e-005 -3.05185e-005 0.00784326
0 0 0 -0.00784326 3.05185e-005 -3.05185e-005 0.00784326
0 0 0 -0.00784326 3.05185e-005 -3.05185e-005 0.00784326
0 0 0 -0.00784326 3.05185e-005 -3.05185e-005 0.00784326
0 0 0 -0.00784326 3.05185e-005 -3.05185e-005 0.00784326
0 0 0 -0.00784326 3.05185e-005 -3.05185e-005 0.00784326
0 0 0 -0.00784326 3.05185e-005 -3.05185e-005 0.00784326
0 0 0 -0.00784326 3.05185e-005 -3.05185e-005 0.00784326
0 0 0 -0.00784326 3.05185e-005 -3.05185e-005 0.00784326
0 0 0 -0.00784326 3.05185e-005 -3.05185e-005 0.00784326
0 0 0 -0.00784326 3.05185e-005 -3.05185e-005 0.00784326
0 0 0 -0.00784326 3.05185e-005 -3.05185e-005 0.00784326
0 0 0 -0.00784326 3.05185e-005 -3.05185e-005 0.00784326
0 0 0 -0.00784326 3.05185e-005 -3.05185e-005 0.00784326
0 0 0 -0.00784326 3.05185e-005 -3.05185e-005 0.00784326
0 0 0 -0.00784326 3.05185e-005 -3.05185e-005 0.00784326
0 0 0 -0.0547197 3.05185e-005 -3.05185e-005 0.00784326
0 0 0 -0.0547197 3.05185e-005 -3.05185e-005 0.00784326
0 0 0 -0.0547197 3.05185e-005 -3.05185e-005 0.00784326
0 0 0 -0.0547197 3.05185e-005 -3.05185e-005 0.00784326
0 0 0 -0.0547197 3.05185e-005 -3.05185e-005 0.00784326
0 0 0 -0.0547197 3.05185e-005 -3.05185e-005 0.00784326
0 0 0 -0.0547197 3.05185e-005 -3.05185e-005 0.00784326
0 0 0 -0.0547197 3.05185e-005 -3.05185e-005 0.00784326
0 0 0 -0.0547197 3.05185e-005 -3.05185e-005 0.00784326
0 0 0 -0.0547197 3.05185e-005 -3.05185e-005 0.00784326
0 0 0 -0.0547197 0.00784326 -3.05185e-005 0.00784326
0 0 0 -0.0547197 0.00784326 -3.05185e-005 0.00784326
0 0 0 -0.0547197 0.00784326 -3.05185e-005 0.00784326
0 0 0 -0.0547197 0.00784326 -3.05185e-005 0.00784326
0 0 0 -0.0547197 0.00784326 -3.05185e-005 0.00784326
0 0 0 -0.00784326 0.00784326 -3.05185e-005 0.00784326
0 0 0 -0.00784326 0.00784326 -3.05185e-005 0.00784326
0 0 0 -0.00784326 0.00784326 -3.05185e-005 0.00784326
0 0 0 -0.00784326 0.00784326 -3.05185e-005 0.00784326
0 0 0 -0.00784326 0.00784326 -3.05185e-005 0.00784326
0 0 0 -0.00784326 0.00784326 -3.05185e-005 0.00784326
0 0 0 -0.00784326 0.00784326 -3.05185e-005 0.00784326
0 0 0 -0.00784326 0.00784326 -3.05185e-005 0.00784326
0 0 0 -0.00784326 0.00784326 -3.05185e-005 0.00784326
0 0 0 -0.00784326 0.00784326 -3.05185e-005 0.00784326
0 0 0 -0.00784326 0.00784326 -3.05185e-005 0.00784326
0 0 0 -0.00784326 0.00784326 -3.05185e-005 0.00784326
0 0 0 -0.00784326 0.00784326 -3.05185e-005 0.00784326
0 0 0 -0.00784326 0.00784326 -3.05185e-005 0.00784326
0 0 0 -0.00784326 0.00784326 -3.05185e-005 0.00784326
0 0 0 -0.00784326 0.00784326 -3.05185e-005 0.00784326
0 0 0 -0.00784326 0.00784326 -3.05185e-005 0.00784326
0 0 0 -0.00784326 0.00784326 -3.05185e-005 0.00784326
0 0 0 -0.00784326 0.00784326 -3.05185e-005 0.00784326
0 0 0 -0.00784326 0.00784326 -3.05185e-005 0.00784326
0 0 0 -0.00784326 0.00784326 -3.05185e-005 0.00784326
0 0 0 -0.00784326 0.00784326 -3.05185e-005 0.00784326
0 0 0 -0.00784326 0.00784326 -3.05185e-005 0.00784326
0 0 0 -0.00784326 0.00784326 -3.05185e-005 0.00784326
0 0 0 -0.00784326 0.00784326 -3.05185e-005 0.00784326
0 0 0 -0.00784326 0.00784326 -3.05185e-005 0.00784326
0 0 0 -0.00784326 0.00784326 -3.05185e-005 0.00784326
0 0 0 -0.00784326 0.00784326 -3.05185e-005 0.00784326
0 0 0 -0.00784326 0.00784326 -3.05185e-005 0.00784326
0 0 0 -0.00784326 0.00784326 -3.05185e-005 0.00784326
0 0 0 -0.00784326 0.00784326 -3.05185e-005 0.00784326
0 0 0 -0.00784326 0.00784326 -3.05185e-005 0.00784326
0 0 0 -0.00784326 0.00784326 -3.05185e-005 0.00784326
0 0 0 -0.00784326 0.00784326 -3.05185e-005 0.00784326
0 0 0 -0.00784326 0.00784326 -3.05185e-005 0.00784326
0 0 0 -0.00784326 0.00784326 -3.05185e-005 0.00784326
0 0 0 -0.00784326 0.00784326 -3.05185e-005 0.00784326
0 0 0 -0.00784326 0.00784326 -3.05185e-005 0.00784326
0 0 0 -0.00784326 0.00784326 -3.05185e-005 0.00784326
0 0 0 -0.00784326 0.00784326 -3.05185e-005 0.00784326
0 0 0 -0.00784326 0.00784326 -3.05185e-005 0.00784326
0 0 0 -0.00784326 0.00784326 -3.05185e-005 0.00784326
0 0 0 -0.00784326 0.00784326 -3.05185e-005 0.00784326
0 0 0 -0.00784326 0.00784326 -3.05185e-005 0.00784326
0 0 0 -0.00784326 0.00784326 -3.05185e-005 0.00784326
0 0 0 -0.00784326 0.00784326 -3.05185e-005 0.00784326
0 0 0 -0.00784326 0.00784326 -3.05185e-005 0.00784326
0 0 0 -0.00784326 0.00784326 -3.05185e-005 0.00784326
0 0 0 -0.00784326 0.00784326 -3.05185e-005 0.00784326
0 0 0 -0.00784326 0.00784326 -3.05185e-005 0.00784326
0 0 0 -0.00784326 0.00784326 -3.05185e-005 0.00784326
0 0 0 -0.00784326 0.00784326 -3.05185e-005 0.00784326
0 0 0 -0.00784326 0.00784326 -3.05185e-005 0.00784326
0 0 0 -0.00784326 0.00784326 -3.05185e-005 0.00784326
0 0 0 -0.00784326 0.00784326 -3.05185e-005 0.00784326
0 0 0 -0.00784326 0.00784326 -3.05185e-005 0.00784326
0 0 0 -0.00784326 0.00784326 -3.05185e-005 0.00784326
0 0 0 -0.00784326 0.00784326 -3.05185e-005 0.00784326
0 0 0 -0.00784326 0.00784326 -3.05185e-005 0.00784326
0 0 0 -0.00784326 0.00784326 -3.05185e-005 0.00784326
0 0 0 -0.00784326 0.00784326 -3.05185e-005 0.00784326
0 0 0 -0.00784326 0.00784326 -3.05185e-005 0.00784326
0 0 0 -0.00784326 0.00784326 -3.05185e-005 0.00784326
0 0 0 -0.00784326 0.00784326 -3.05185e-005 0.00784326
0 0 0 -0.00784326 0.00784326 -3.05185e-005 0.00784326
0 0 0 -0.00784326 0.00784326 -3.05185e-005 0.00784326
0 0 0 -0.00784326 0.00784326 -3.05185e-005 0.00784326
0 0 0 -0.00784326 0.00784326 -3.05185e-005 0.00784326
0 0 0 -0.00784326 0.00784326 -3.05185e-005 0.00784326
0 0 0 -0.00784326 0.00784326 -3.05185e-005 0.00784326
0 0 0 -0.00784326 0.00784326 -3.05185e-005 0.00784326
0 0 0 -0.00784326 0.00784326 -3.05185e-005 0.00784326
0 0 0 -0.00784326 0.00784326 -3.05185e-005 0.00784326
0 0 0 -0.00784326 0.00784326 -3.05185e-005 0.00784326
0 0 0 -0.00784326 0.00784326 -3.05185e-005 0.00784326
0 0 0 -0.00784326 0.00784326 -3.05185e-005 0.00784326
0 0 0 -0.00784326 0.00784326 -3.05185e-005 0.00784326
0 0 0 -0.00784326 0.00784326 -3.05185e-005 0.00784326
0 0 0 -0.00784326 0.00784326 -3.05185e-005 0.00784326
0 0 0 -0.00784326 0.00784326 -3.05185e-005 0.00784326
0 0 0 -0.00784326 0.00784326 -3.05185e-005 0.00784326
0 0 0 -0.00784326 0.00784326 -3.05185e-005 0.00784326
0 0 0 -0.00784326 0.00784326 -3.05185e-005 0.00784326
0 0 0 -0.00784326 0.00784326 -3.05185e-005 0.00784326
0 0 0 -0.00784326 0.00784326 -3.05185e-005 0.00784326
0 0 0 -0.00784326 0.00784326 -3.05185e-005 0.00784326
0 0 0 -0.00784326 0.00784326 -3.05185e-005 0.00784326
0 0 0 -0.00784326 0.00784326 -3.05185e-005 0.00784326
0 0 0 -0.00784326 0.00784326 -3.05185e-005 0.00784326
0 0 0 -0.00784326 0.00784326 -3.05185e-005 0.00784326
0 0 0 -0.00784326 0.00784326 -3.05185e-005 0.00784326
0 0 0 -0.00784326 0.00784326 -3.05185e-005 0.00784326
0 0 0 -0.00784326 0.00784326 -3.05185e-005 0.00784326
0 0 0 -0.00784326 0.00784326 -3.05185e-005 0.00784326
0 0 0 -0.00784326 0.00784326 -3.05185e-005 0.00784326
0 0 0 -0.00784326 0.00784326 -3.05185e-005 0.00784326
0 0 0 -0.00784326 0.00784326 -3.05185e-005 0.00784326
0 0 0 -0.00784326 0.00784326 -3.05185e-005 0.00784326
0 0 0 -0.00784326 0.00784326 -3.05185e-005 0.00784326
0 0 0 -0.00784326 0.00784326 -3.05185e-005 0.00784326
0 0 0 -0.00784326 0.00784326 -3.05185e-005 0.00784326
0 0 0 -0.00784326 0.00784326 -3.05185e-005 0.00784326
0 0 0 -0.00784326 0.00784326 -3.05185e-005 0.00784326
0 0 0 -0.00784326 0.00784326 -3.05185e-005 0.00784326
0 0 0 -0.00784326 0.00784326 -3.05185e-005 0.00784326
0 0 0 -0.00784326 0.00784326 -3.05185e-005 0.00784326
0 0 0 -0.00784326 0.00784326 -3.05185e-005 0.00784326
0 0 0 -0.00784326 0.00784326 -3.05185e-005 0.00784326
0 0 0 -0.00784326 0.00784326 -3.05185e-005 0.00784326
0 0 0 -0.00784326 0.00784326 -3.05185e-005 0.00784326
0 0 0 -0.00784326 0.00784326 -3.05185e-005 0.00784326
0 0 0 -0.00784326 0.00784326 -3.05185e-005 0.00784326
0 0 0 -0.00784326 0.00784326 -3.05185e-005 0.00784326
0 0 0 -0.00784326 0.00784326 -3.05185e-005 0.00784326
0 0 0 -0.00784326 0.00784326 -3.05185e-005 0.00784326
0 0 0 -0.00784326 0.00784326 -3.05185e-005 0.00784326
0 0 0 -0.00784326 0.00784326 -3.05185e-005 0.00784326
0 0 0 -0.00784326 0.00784326 -3.05185e-005 0.00784326
0 0 0 -0.00784326 0.00784326 -3.05185e-005 0.00784326
0 0 0 -0.00784326 0.00784326 -3.05185e-005 0.00784326
0 0 0 -0.00784326 0.00784326 -3.05185e-005 0.00784326
0 0 0 -0.00784326 0.00784326 -3.05185e-005 0.00784326
0 0 0 -0.00784326 0.00784326 -3.05185e-005 0.00784326
0 0 0 -0.00784326 0.00784326 -3.05185e-005 0.00784326
0 0 0 -0.00784326 0.00784326 -3.05185e-005 0.00784326
0 0 0 -0.00784326 0.00784326 -3.05185e-005 0.00784326
0 0 0 -0.00784326 0.00784326 -3.05185e-005 0.00784326
0 0 0 -0.00784326 0.00784326 -3.05185e-005 0.00784326
0 0 0 -0.00784326 0.00784326 -3.05185e-005 0.00784326
0 0 0 -0.00784326 0.00784326 -3.05185e-005 0.00784326
0 0 0 -0.00784326 0.00784326 -3.05185e-005 0.00784326
0 0 0 -0.00784326 0.00784326 -3.05185e-005 0.00784326
0 0 0 -0.00784326 0.00784326 -3.05185e-005 0.00784326
0 0 0 -0.00784326 0.00784326 -3.05185e-005 0.00784326
0 0 0 -0.00784326 0.00784326 -3.05185e-005 0.00784326
0 0 0 -0.00784326 0.00784326 -3.05185e-005 0.00784326
0 0 0 -0.00784326 0.00784326 -3.05185e-005 0.00784326
0 0 0 -0.00784326 0.00784326 -3.05185e-005 0.00784326
0 0 0 -0.00784326 0.00784326 -3.05185e-005 0.00784326
0 0 0 -0.00784326 0.00784326 -3.05185e-005 0.00784326
0 0 0 -0.00784326 0.00784326 -3.05185e-005 0.00784326
0 0 0 -0.00784326 0.00784326 -3.05185e-005 0.00784326
0 0 0 -0.00784326 0.00784326 -3.05185e-005 0.00784326
0 0 0 -0.00784326 0.00784326 -3.05185e-005 0.00784326
0 0 0 -0.00784326 0.00784326 -3.05185e-005 0.00784326
0 0 0 -0.00784326 0.00784326 -3.05185e-005 0.00784326
0 0 0 -0.00784326 0.00784326 -3.05185e-005 0.00784326
0 0 0 -0.00784326 0.00784326 -3.05185e-005 0.00784326
0 0 0 -0.00784326 0.00784326 -3.05185e-005 0.00784326
0 0 0 -0.00784326 0.00784326 -3.05185e-005 0.00784326
0 0 0 -0.00784326 0.00784326 -3.05185e-005 0.00784326
0 0 0 -0.00784326 0.00784326 -3.05185e-005 0.00784326
0 0 0 -0.00784326 0.00784326 -3.05185e-005 0.00784326
0 0 0 -0.00784326 0.00784326 -3.05185e-005 0.00784326
0 0 0 -0.00784326 0.00784326 -3.05185e-005 0.00784326
0 0 0 -0.00784326 0.00784326 -3.05185e-005 0.00784326
0 0 0 -0.00784326 0.00784326 -3.05185e-005 0.00784326
0 0 0 -0.00784326 0.00784326 -3.05185e-005 0.00784326
0 0 0 -0.00784326 0.00784326 -3.05185e-005 0.00784326
0 0 0 -0.00784326 0.00784326 -3.05185e-005 0.00784326
0 0 0 -0.00784326 0.00784326 -3.05185e-005 0.00784326
0 0 0 -0.00784326 0.00784326 -3.05185e-005 0.00784326
0 0 0 -0.00784326 0.00784326 -3.05185e-005 0.00784326
0 0 0 -0.00784326 0.00784326 -3.05185e-005 0.00784326
0 0 0 -0.00784326 0.00784326 -3.05185e-005 0.00784326
0 0 0 -0.00784326 0.00784326 -3.05185e-005 0.00784326
0 0 0 -0.00784326 0.00784326 -3.05185e-005 0.00784326
0 0 0 -0.00784326 0.00784326 -3.05185e-005 0.00784326
0 0 0 -0.00784326 0.00784326 -3.05185e-005 0.00784326
0 0 0 -0.00784326 0.00784326 -3.05185e-005 0.00784326
0 0 0 -0.00784326 0.00784326 -3.05185e-005 0.00784326
0 0 0 -0.00784326 0.00784326 -3.05185e-005 0.00784326
0 0 0 -0.00784326 0.00784326 -3.05185e-005 0.00784326
0 0 0 -0.00784326 0.00784326 -3.05185e-005 0.00784326
0 0 0 -0.00784326 0.00784326 -3.05185e-005 0.00784326
0 0 0 -0.00784326 0.00784326 -3.05185e-005 0.00784326
0 0 0 -0.00784326 0.00784326 -3.05185e-005 0.00784326
0 0 0 -0.00784326 0.00784326 -3.05185e-005 0.00784326
0 0 0 -0.00784326 0.00784326 -3.05185e-005 0.00784326
0 0 0 -0.00784326 0.00784326 -3.05185e-005 0.00784326
0 0 0 -0.00784326 0.00784326 -3.05185e-005 0.00784326
0 0 0 -0.00784326 0.00784326 -3.05185e-005 0.00784326
0 0 0 -0.00784326 0.00784326 -3.05185e-005 0.00784326
0 0 0 -0.00784326 0.00784326 -3.05185e-005 0.00784326
0 0 0 -0.00784326 0.00784326 -3.05185e-005 0.00784326
0 0 0 -0.00784326 0.00784326 -3.05185e-005 0.00784326
0 0 0 -0.00784326 0.00784326 -3.05185e-005 0.00784326
0 0 0 -0.00784326 0.00784326 -3.05185e-005 0.00784326
0 0 0 -0.00784326 0.00784326 -3.05185e-005 0.00784326
0 0 0 -0.00784326 0.00784326 -3.05185e-005 0.00784326
0 0 0 -0.00784326 0.00784326 -3.05185e-005 0.00784326
0 0 0 -0.00784326 0.00784326 -3.05185e-005 0.00784326
0 0 0 -0.00784326 0.00784326 -3.05185e-005 0.00784326
0 0 0 -0.00784326 0.00784326 -3.05185e-005 0.00784326
0 0 0 -0.00784326 0.00784326 -3.05185e-005 0.00784326
0 0 0 -0.00784326 0.00784326 -3.05185e-005 0.00784326
0 0 0 -0.00784326 0.00784326 -3.05185e-005 0.00784326
0 0 0 -0.00784326 0.00784326 -3.05185e-005 0.00784326
0 0 0 -0.00784326 0.00784326 -3.05185e-005 0.00784326
0 0 0 -0.00784326 0.00784326 -3.05185e-005 0.00784326
0 0 0 -0.00784326 0.00784326 -3.05185e-005 0.00784326
0 0 0 -0.00784326 0.00784326 -3.05185e-005 0.00784326
0 0 0 -0.00784326 0.00784326 -3.05185e-005 0.00784326
0 0 0 -0.00784326 0.00784326 -3.05185e-005 0.00784326
0 0 0 -0.00784326 0.00784326 -3.05185e-005 0.00784326
0 0 0 -0.00784326 0.00784326 -3.05185e-005 0.00784326
0 0 0 -0.00784326 0.00784326 -3.05185e-005 0.00784326
0 0 0 -0.00784326 0.00784326 -3.05185e-005 0.00784326
0 0 0 -0.00784326 0.00784326 -3.05185e-005 0.00784326
0 0 0 -0.00784326 0.00784326 -3.05185e-005 0.00784326
0 0 0 -0.00784326 0.00784326 -3.05185e-005 0.00784326
0 0 0 -0.00784326 0.00784326 -3.05185e-005 0.00784326
0 0 0 -0.00784326 0.00784326 -3.05185e-005 0.00784326
0 0 0 -0.00784326 0.00784326 -3.05185e-005 0.00784326
0 0 0 -0.00784326 0.00784326 -3.05185e-005 0.00784326
0 0 0 -0.00784326 0.00784326 -3.05185e-005 0.00784326
0 0 0 -0.00784326 0.00784326 -3.05185e-005 0.00784326
0 0 0 -0.00784326 0.00784326 -3.05185e-005 0.00784326
0 0 0 -0.00784326 0.00784326 -3.05185e-005 0.00784326
0 0 0 -0.00784326 0.00784326 -3.05185e-005 0.00784326
0 0 0 -0.00784326 0.00784326 -3.05185e-005 0.00784326
0 0 0 -0.00784326 0.00784326 -3.05185e-005 0.00784326
0 0 0 -0.00784326 0.00784326 -3.05185e-005 0.00784326
0 0 0 -0.00784326 0.00784326 -3.05185e-005 0.00784326
0 0 0 -0.00784326 0.00784326 -3.05185e-005 0.00784326
0 0 0 -0.00784326 0.00784326 -3.05185e-005 0.00784326
0 0 0 -0.00784326 0.00784326 -3.05185e-005 0.00784326
0 0 0 -0.00784326 0.00784326 -3.05185e-005 0.00784326
0 0 0 -0.00784326 0.00784326 -3.05185e-005 0.00784326
0 0 0 -0.00784326 0.00784326 -3.05185e-005 0.00784326
0 0 0 -0.00784326 0.00784326 -3.05185e-005 0.00784326
0 0 0 -0.00784326 0.00784326 -3.05185e-005 0.00784326
0 0 0 -0.00784326 0.00784326 -3.05185e-005 0.00784326
0 0 0 -0.00784326 0.00784326 -3.05185e-005 0.00784326
0 0 0 -0.00784326 0.00784326 -3.05185e-005 0.00784326
0 0 0 -0.00784326 0.00784326 -3.05185e-005 0.00784326
0 0 0 -0.00784326 0.00784326 -3.05185e-005 0.00784326
0 0 0 -0.00784326 0.00784326 -3.05185e-005 0.00784326
0 0 0 -0.00784326 0.00784326 -3.05185e-005 0.00784326
0 0 0 -0.00784326 0.00784326 -3.05185e-005 0.00784326
0 0 0 -0.00784326 0.00784326 -3.05185e-005 0.00784326
0 0 0 -0.00784326 0.00784326 -3.05185e-005 0.00784326
0 0 0 -0.00784326 0.00784326 -3.05185e-005 0.00784326
0 0 0 -0.00784326 0.00784326 -3.05185e-005 0.00784326
0 0 0 -0.00784326 0.00784326 -3.05185e-005 0.00784326
0 0 0 -0.00784326 0.00784326 -3.05185e-005 0.00784326
0 0 0 -0.00784326 0.00784326 -3.05185e-005 0.00784326
0 0 0 -0.00784326 0.00784326 -3.05185e-005 0.00784326
0 0 0 -0.00784326 0.00784326 -3.05185e-005 0.00784326
0 0 0 -0.00784326 0.00784326 -3.05185e-005 0.00784326
0 0 0 -0.00784326 0.00784326 -3.05185e-005 0.00784326
0 0 0 -0.00784326 0.00784326 -3.05185e-005 0.00784326
0 0 0 -0.00784326 0.00784326 -3.05185e-005 0.00784326
0 0 0 -0.00784326 0.00784326 -3.05185e-005 0.00784326
0 0 0 -0.00784326 0.00784326 -3.05185e-005 0.00784326
0 0 0 -0.00784326 0.00784326 -3.05185e-005 0.00784326
0 0 0 -0.00784326 0.00784326 -3.05185e-005 0.00784326
0 0 0 -0.00784326 0.00784326 -3.05185e-005 0.00784326
0 0 0 -0.00784326 0.00784326 -3.05185e-005 0.00784326
0 0 0 -0.00784326 0.00784326 -3.05185e-005 0.00784326
0 0 0 -0.00784326 0.00784326 -3.05185e-005 0.00784326
0 0 0 -0.00784326 0.00784326 -3.05185e-005 0.00784326
0 0 0 -0.00784326 0.00784326 -3.05185e-005 0.00784326
0 0 0 -0.00784326 0.00784326 -3.05185e-005 0.00784326
0 0 0 -0.00784326 0.00784326 -3.05185e-005 0.00784326
0 0 0 -0.00784326 0.00784326 -3.05185e-005 0.00784326
0 0 0 -0.00784326 0.00784326 -3.05185e-005 0.00784326
0 0 0 -0.00784326 0.00784326 -3.05185e-005 0.00784326
0 0 0 -0.00784326 0.00784326 -3.05185e-005 0.00784326
0 0 0 -0.00784326 0.00784326 -3.05185e-005 0.00784326
0 0 0 -0.00784326 0.00784326 -3.05185e-005 0.00784326
0 0 0 -0.00784326 0.00784326 -3.05185e-005 0.00784326
0 0 0 -0.00784326 0.00784326 -3.05185e-005 0.00784326
0 0 0 -0.00784326 0.00784326 -3.05185e-005 0.00784326
0 0 0 -0.00784326 0.00784326 -3.05185e-005 0.00784326
0 0 0 -0.00784326 0.00784326 -3.05185e-005 0.00784326
0 0 0 -0.00784326 0.00784326 -3.05185e-005 0.00784326
0 0 0 -0.00784326 0.00784326 -3.05185e-005 0.00784326
0 0 0 -0.00784326 0.00784326 -3.05185e-005 0.00784326
0 0 0 -0.00784326 0.00784326 -3.05185e-005 0.00784326
0 0 0 -0.00784326 0.00784326 -3.05185e-005 0.00784326
0 0 0 -0.00784326 0.00784326 -3.05185e-005 0.00784326
