0 0 0 -0.289102 -1 -1.00003 1.00003
0 0 0 -0.289102 -1 -1.00003 1.00003
0 0 0 -0.289102 -1 -1.00003 1.00003
0 0 0 -0.289102 -1 -1.00003 1.00003
0 0 0 -0.289102 -1 -1.00003 1.00003
0 0 0 -0.289102 -1 -1.00003 1.00003
0 0 0 -0.289102 -1 -1.00003 1.00003
0 0 0 -0.289102 -1 -1.00003 1.00003
0 0 0 -0.289102 -1 -1.00003 1.00003
0 0 0 -0.289102 -1 -1.00003 1.00003
0 0 0 -0.289102 -1 -1.00003 1.00003
0 0 0 -0.289102 -1 -1.00003 1.00003
0 0 0 -0.289102 -1 -1.00003 1.00003
0 0 0 -0.289102 -1 -1.00003 1.00003
0 0 0 -0.289102 -1 -1.00003 1.00003
0 0 0 -0.289102 -1 -1.00003 1.00003
0 0 0 -0.289102 -1 -1.00003 1.00003
0 0 0 -0.289102 -1 -1.00003 1.00003
0 0 0 -0.289102 -1 -1.00003 1.00003
0 0 0 -0.289102 -1 -1.00003 1.00003
0 0 0 -0.289102 -1 -1.00003 1.00003
0 0 0 -0.289102 -1 -1.00003 1.00003
0 0 0 -0.289102 -1 -1.00003 1.00003
0 0 0 -0.289102 -1 -1.00003 1.00003
0 0 0 -0.289102 -1 -1.00003 1.00003
0 0 0 -0.289102 -1 -1.00003 1.00003
0 0 0 -0.289102 -1 -1.00003 1.00003
0 0 0 -0.289102 -1 -1.00003 1.00003
0 0 0 -0.289102 -1 -1.00003 1.00003
0 0 0 -0.289102 -1 -1.00003 1.00003
0 0 0 -0.289102 -1 -1.00003 1.00003
0 0 0 -0.289102 -1 -1.00003 1.00003
0 0 0 -0.289102 -1 -1.00003 1.00003
0 0 0 -0.289102 -1 -1.00003 1.00003
0 0 0 -0.289102 -1 -1.00003 1.00003
0 0 0 -0.304727 -1 -1.00003 1.00003
0 0 0 -0.304727 -1 -1.00003 1.00003
0 0 0 -0.304727 -1 -1.00003 1.00003
0 0 0 -0.304727 -1 -1.00003 1.00003
0 0 0 -0.304727 -1 -1.00003 1.00003
0 0 0 -0.320353 -1 -1.00003 1.00003
0 0 0 -0.320353 -1 -1.00003 1.00003
0 0 0 -0.320353 -1 -1.00003 1.00003
0 0 0 -0.320353 -1 -1.00003 1.00003
0 0 0 -0.320353 -1 -1.00003 1.00003
0 0 0 -0.320353 -1 -1.00003 1.00003
0 0 0 -0.320353 -1 -1.00003 1.00003
0 0 0 -0.320353 -1 -1.00003 1.00003
0 0 0 -0.320353 -1 -1.00003 1.00003
0 0 0 -0.320353 -1 -1.00003 1.00003
0 0 0 -0.335978 -1 -1.00003 1.00003
0 0 0 -0.335978 -1 -1.00003 1.00003
0 0 0 -0.335978 -1 -1.00003 1.00003
0 0 0 -0.335978 -1 -1.00003 1.00003
0 0 0 -0.335978 -1 -1.00003 1.00003
0 0 0 -0.335978 -1 -1.00003 1.00003
0 0 0 -0.335978 -1 -1.00003 1.00003
0 0 0 -0.335978 -1 -1.00003 1.00003
0 0 0 -0.335978 -1 -1.00003 1.00003
0 0 0 -0.335978 -1 -1.00003 1.00003
0 0 0 -0.335978 -1 -1.00003 1.00003
0 0 0 -0.335978 -1 -1.00003 1.00003
0 0 0 -0.335978 -1 -1.00003 1.00003
0 0 0 -0.335978 -1 -1.00003 1.00003
0 0 0 -0.335978 -1 -1.00003 1.00003
0 0 0 -0.335978 -1 -1.00003 1.00003
0 0 0 -0.335978 -1 -1.00003 1.00003
0 0 0 -0.335978 -1 -1.00003 1.00003
0 0 0 -0.335978 -1 -1.00003 1.00003
0 0 0 -0.335978 -1 -1.00003 1.00003
0 0 0 -0.335978 -1 -1.00003 1.00003
0 0 0 -0.335978 -1 -1.00003 1.00003
0 0 0 -0.335978 -1 -1.00003 1.00003
0 0 0 -0.335978 -1 -1.00003 1.00003
0 0 0 -0.335978 -1 -1.00003 1.00003
0 0 0 -0.335978 -1 -1.00003 1.00003
0 0 0 -0.335978 -1 -1.00003 1.00003
0 0 0 -0.335978 -1 -1.00003 1.00003
0 0 0 -0.335978 -1 -1.00003 1.00003
0 0 0 -0.335978 -1 -1.00003 1.00003
0 0 0 -0.335978 -1 -1.00003 1.00003
0 0 0 -0.335978 -1 -1.00003 1.00003
0 0 0 -0.335978 -1 -1.00003 1.00003
0 0 0 -0.335978 -1 -1.00003 1.00003
0 0 0 -0.335978 -1 -1.00003 1.00003
0 0 0 -0.335978 -1 -1.00003 1.00003
0 0 0 -0.335978 -1 -1.00003 1.00003
0 0 0 -0.335978 -1 -1.00003 1.00003
0 0 0 -0.335978 -1 -1.00003 1.00003
0 0 0 -0.335978 -1 -1.00003 1.00003
0 0 0 -0.335978 -1 -1.00003 1.00003
0 0 0 -0.335978 -1 -1.00003 1.00003
0 0 0 -0.335978 -1 -1.00003 1.00003
0 0 0 -0.335978 -1 -1.00003 1.00003
0 0 0 -0.335978 -1 -1.00003 1.00003
0 0 0 -0.335978 -1 -1.00003 1.00003
0 0 0 -0.335978 -1 -1.00003 1.00003
0 0 0 -0.335978 -1 -1.00003 1.00003
0 0 0 -0.335978 -1 -1.00003 1.00003
0 0 0 -0.335978 -1 -1.00003 1.00003
0 0 0 -0.335978 -1 -1.00003 1.00003
0 0 0 -0.335978 -1 -1.00003 1.00003
0 0 0 -0.335978 -1 -1.00003 1.00003
0 0 0 -0.335978 -1 -1.00003 1.00003
0 0 0 -0.335978 -1 -1.00003 1.00003
0 0 0 -0.304727 -1 -1.00003 1.00003
0 0 0 -0.304727 -1 -1.00003 1.00003
0 0 0 -0.304727 -1 -1.00003 1.00003
0 0 0 -0.304727 -1 -1.00003 1.00003
0 0 0 -0.304727 -1 -1.00003 1.00003
0 0 0 -0.234413 -1 -1.00003 1.00003
0 0 0 -0.234413 -1 -1.00003 1.00003
0 0 0 -0.234413 -1 -1.00003 1.00003
0 0 0 -0.234413 -1 -1.00003 1.00003
0 0 0 -0.234413 -1 -1.00003 1.00003
0 0 0 -0.187536 -1 -1.00003 1.00003
0 0 0 -0.187536 -1 -1.00003 1.00003
0 0 0 -0.187536 -1 -1.00003 1.00003
0 0 0 -0.187536 -1 -1.00003 1.00003
0 0 0 -0.187536 -1 -1.00003 1.00003
0 0 0 -0.0547197 -0.96823 -1.00003 1.00003
0 0 0 -0.0547197 -0.96823 -1.00003 1.00003
0 0 0 -0.0547197 -0.96823 -1.00003 1.00003
0 0 0 -0.0547197 -0.96823 -1.00003 1.00003
0 0 0 -0.0547197 -0.96823 -1.00003 1.00003
0 0 0 0 -0.857143 -1.00003 1.00003
0 0 0 0 -0.857143 -1.00003 1.00003
0 0 0 0 -0.857143 -1.00003 1.00003
0 0 0 0 -0.857143 -1.00003 1.00003
0 0 0 0 -0.857143 -1.00003 1.00003
0 0 0 0.0872829 -0.714286 -1.00003 1.00003
0 0 0 0.0872829 -0.714286 -1.00003 1.00003
0 0 0 0.0872829 -0.714286 -1.00003 1.00003
0 0 0 0.0872829 -0.714286 -1.00003 1.00003
0 0 0 0.0872829 -0.714286 -1.00003 1.00003
0 0 0 0.222205 -0.587298 -1.00003 1.00003
0 0 0 0.222205 -0.587298 -1.00003 1.00003
0 0 0 0.222205 -0.587298 -1.00003 1.00003
0 0 0 0.222205 -0.587298 -1.00003 1.00003
0 0 0 0.222205 -0.587298 -1.00003 1.00003
0 0 0 0.372997 -0.428571 -1.00003 1.00003
0 0 0 0.372997 -0.428571 -1.00003 1.00003
0 0 0 0.372997 -0.428571 -1.00003 1.00003
0 0 0 0.372997 -0.428571 -1.00003 1.00003
0 0 0 0.372997 -0.428571 -1.00003 1.00003
0 0 0 0.420606 -0.317454 -1.00003 1.00003
0 0 0 0.420606 -0.317454 -1.00003 1.00003
0 0 0 0.420606 -0.317454 -1.00003 1.00003
0 0 0 0.420606 -0.317454 -1.00003 1.00003
0 0 0 0.420606 -0.317454 -1.00003 1.00003
0 0 0 0.468245 -0.261879 -1.00003 1.00003
0 0 0 0.468245 -0.261879 -1.00003 1.00003
0 0 0 0.468245 -0.261879 -1.00003 1.00003
0 0 0 0.468245 -0.261879 -1.00003 1.00003
0 0 0 0.468245 -0.261879 -1.00003 1.00003
0 0 0 0.515854 -0.182531 -1.00003 1.00003
0 0 0 0.515854 -0.182531 -1.00003 1.00003
0 0 0 0.515854 -0.182531 -1.00003 1.00003
0 0 0 0.515854 -0.182531 -1.00003 1.00003
0 0 0 0.515854 -0.182531 -1.00003 1.00003
0 0 0 0.547594 -0.0952177 -1.00003 1.00003
0 0 0 0.547594 -0.0952177 -1.00003 1.00003
0 0 0 0.547594 -0.0952177 -1.00003 1.00003
0 0 0 0.547594 -0.0952177 -1.00003 1.00003
0 0 0 0.547594 -0.0952177 -1.00003 1.00003
0 0 0 0.587298 -0.0238044 -1.00003 1.00003
0 0 0 0.587298 -0.0238044 -1.00003 1.00003
0 0 0 0.587298 -0.0238044 -1.00003 1.00003
0 0 0 0.587298 -0.0238044 -1.00003 1.00003
0 0 0 0.587298 -0.0238044 -1.00003 1.00003
0 0 0 0.611103 0 -1.00003 1.00003
0 0 0 0.611103 0 -1.00003 1.00003
0 0 0 0.611103 0 -1.00003 1.00003
0 0 0 0.611103 0 -1.00003 1.00003
0 0 0 0.611103 0 -1.00003 1.00003
0 0 0 0.650777 0 -1.00003 1.00003
0 0 0 0.650777 0 -1.00003 1.00003
0 0 0 0.650777 0 -1.00003 1.00003
0 0 0 0.650777 0 -1.00003 1.00003
0 0 0 0.650777 0 -1.00003 1.00003
0 0 0 0.714286 0.00784326 -1.00003 1.00003
0 0 0 0.714286 0.00784326 -1.00003 1.00003
0 0 0 0.714286 0.00784326 -1.00003 1.00003
0 0 0 0.714286 0.00784326 -1.00003 1.00003
0 0 0 0.714286 0.00784326 -1.00003 1.00003
0 0 0 0.769829 0.0469069 -1.00003 1.00003
0 0 0 0.769829 0.0469069 -1.00003 1.00003
0 0 0 0.769829 0.0469069 -1.00003 1.00003
0 0 0 0.769829 0.0469069 -1.00003 1.00003
0 0 0 0.769829 0.0469069 -1.00003 1.00003
0 0 0 0.801569 0.0781579 -1.00003 1.00003
0 0 0 0.801569 0.0781579 -1.00003 1.00003
0 0 0 0.809503 0.125034 -1.00003 1.00003
0 0 0 0.809503 0.125034 -1.00003 1.00003
0 0 0 0.809503 0.125034 -1.00003 1.00003
0 0 0 0.825373 0.164098 -1.00003 1.00003
0 0 0 0.825373 0.164098 -1.00003 1.00003
0 0 0 0.825373 0.164098 -1.00003 1.00003
0 0 0 0.833308 0.179724 -1.00003 1.00003
0 0 0 0.833308 0.179724 -1.00003 1.00003
0 0 0 0.857143 0.210974 -1.00003 1.00003
0 0 0 0.857143 0.210974 -1.00003 1.00003
0 0 0 0.873012 0.2266 -1.00003 1.00003
0 0 0 0.873012 0.2266 -1.00003 1.00003
0 0 0 0.873012 0.2266 -1.00003 1.00003
0 0 0 0.936491 0.320353 -1.00003 1.00003
0 0 0 0.936491 0.320353 -1.00003 1.00003
0 0 0 0.936491 0.320353 -1.00003 1.00003
0 0 0 0.936491 0.320353 -1.00003 1.00003
0 0 0 0.936491 0.320353 -1.00003 1.00003
0 0 0 0.952361 0.343791 -1.00003 1.00003
0 0 0 0.9841 0.359416 -1.00003 1.00003
0 0 0 0.9841 0.359416 -1.00003 1.00003
0 0 0 0.9841 0.359416 -1.00003 1.00003
0 0 0 0.9841 0.359416 -1.00003 1.00003
0 0 0 1 0.406293 -1.00003 1.00003
0 0 0 1 0.406293 -1.00003 1.00003
0 0 0 1 0.406293 -1.00003 1.00003
0 0 0 1 0.406293 -1.00003 1.00003
0 0 0 1 0.406293 -1.00003 1.00003
0 0 0 1 0.48442 -1.00003 1.00003
0 0 0 1 0.48442 -1.00003 1.00003
0 0 0 1 0.48442 -1.00003 1.00003
0 0 0 1 0.48442 -1.00003 1.00003
0 0 0 1 0.48442 -1.00003 1.00003
0 0 0 1 0.523484 -1.00003 1.00003
0 0 0 1 0.523484 -1.00003 1.00003
0 0 0 1 0.523484 -1.00003 1.00003
0 0 0 1 0.523484 -1.00003 1.00003
0 0 0 1 0.523484 -1.00003 1.00003
0 0 0 1 0.554735 -1.00003 1.00003
0 0 0 1 0.554735 -1.00003 1.00003
0 0 0 1 0.554735 -1.00003 1.00003
0 0 0 1 0.554735 -1.00003 1.00003
0 0 0 1 0.554735 -1.00003 1.00003
0 0 0 1 0.585986 -1.00003 1.00003
0 0 0 1 0.585986 -1.00003 1.00003
0 0 0 1 0.585986 -1.00003 1.00003
0 0 0 1 0.585986 -1.00003 1.00003
0 0 0 1 0.585986 -1.00003 1.00003
0 0 0 1 0.617237 -1.00003 1.00003
0 0 0 1 0.617237 -1.00003 1.00003
0 0 0 1 0.617237 -1.00003 1.00003
0 0 0 1 0.617237 -1.00003 1.00003
0 0 0 1 0.617237 -1.00003 1.00003
0 0 0 1 0.640675 -1.00003 1.00003
0 0 0 1 0.640675 -1.00003 1.00003
0 0 0 1 0.640675 -1.00003 1.00003
0 0 0 1 0.640675 -1.00003 1.00003
0 0 0 1 0.640675 -1.00003 1.00003
0 0 0 1 0.640675 -1.00003 1.00003
0 0 0 1 0.640675 -1.00003 1.00003
0 0 0 1 0.640675 -1.00003 1.00003
0 0 0 1 0.640675 -1.00003 1.00003
0 0 0 1 0.640675 -1.00003 1.00003
0 0 0 1 0.640675 -1.00003 1.00003
0 0 0 1 0.640675 -1.00003 1.00003
0 0 0 1 0.640675 -1.00003 1.00003
0 0 0 1 0.640675 -1.00003 1.00003
0 0 0 1 0.640675 -1.00003 1.00003
0 0 0 1 0.640675 -1.00003 1.00003
0 0 0 1 0.640675 -1.00003 1.00003
0 0 0 1 0.640675 -1.00003 1.00003
0 0 0 1 0.640675 -1.00003 1.00003
0 0 0 1 0.640675 -1.00003 1.00003
0 0 0 1 0.640675 -1.00003 1.00003
0 0 0 1 0.640675 -1.00003 1.00003
0 0 0 1 0.640675 -1.00003 1.00003
0 0 0 1 0.640675 -1.00003 1.00003
0 0 0 1 0.640675 -1.00003 1.00003
0 0 0 1 0.640675 -1.00003 1.00003
0 0 0 1 0.640675 -1.00003 1.00003
0 0 0 1 0.640675 -1.00003 1.00003
0 0 0 1 0.640675 -1.00003 1.00003
0 0 0 1 0.640675 -1.00003 1.00003
0 0 0 1 0.640675 -1.00003 1.00003
0 0 0 1 0.640675 -1.00003 1.00003
0 0 0 1 0.640675 -1.00003 1.00003
0 0 0 1 0.640675 -1.00003 1.00003
0 0 0 1 0.640675 -1.00003 1.00003
0 0 0 1 0.656301 -1.00003 1.00003
0 0 0 1 0.656301 -1.00003 1.00003
0 0 0 1 0.656301 -1.00003 1.00003
0 0 0 1 0.656301 -1.00003 1.00003
0 0 0 1 0.656301 -1.00003 1.00003
0 0 0 1 0.656301 -1.00003 1.00003
0 0 0 1 0.656301 -1.00003 1.00003
0 0 0 1 0.656301 -1.00003 1.00003
0 0 0 1 0.656301 -1.00003 1.00003
0 0 0 1 0.656301 -1.00003 1.00003
0 0 0 1 0.656301 -1.00003 1.00003
0 0 0 1 0.656301 -1.00003 1.00003
0 0 0 1 0.656301 -1.00003 1.00003
0 0 0 1 0.656301 -1.00003 1.00003
0 0 0 1 0.656301 -1.00003 1.00003
0 0 0 1 0.671926 -1.00003 1.00003
0 0 0 1 0.671926 -1.00003 1.00003
0 0 0 1 0.671926 -1.00003 1.00003
0 0 0 1 0.671926 -1.00003 1.00003
0 0 0 1 0.671926 -1.00003 1.00003
0 0 0 1 0.671926 -1.00003 1.00003
0 0 0 1 0.671926 -1.00003 1.00003
0 0 0 1 0.671926 -1.00003 1.00003
0 0 0 1 0.671926 -1.00003 1.00003
0 0 0 1 0.671926 -1.00003 1.00003
0 0 0 1 0.671926 -1.00003 1.00003
0 0 0 1 0.671926 -1.00003 1.00003
0 0 0 1 0.671926 -1.00003 1.00003
0 0 0 1 0.671926 -1.00003 1.00003
0 0 0 1 0.671926 -1.00003 1.00003
0 0 0 1 0.671926 -1.00003 1.00003
0 0 0 1 0.671926 -1.00003 1.00003
0 0 0 1 0.671926 -1.00003 1.00003
0 0 0 1 0.671926 -1.00003 1.00003
0 0 0 1 0.671926 -1.00003 1.00003
0 0 0 1 0.671926 -1.00003 1.00003
0 0 0 1 0.671926 -1.00003 1.00003
0 0 0 1 0.671926 -1.00003 1.00003
0 0 0 1 0.671926 -1.00003 1.00003
0 0 0 1 0.671926 -1.00003 1.00003
0 0 0 1 0.671926 -1.00003 1.00003
0 0 0 1 0.671926 -1.00003 1.00003
0 0 0 1 0.671926 -1.00003 1.00003
0 0 0 1 0.671926 -1.00003 1.00003
0 0 0 1 0.671926 -1.00003 1.00003
0 0 0 1 0.671926 -1.00003 1.00003
0 0 0 1 0.671926 -1.00003 1.00003
0 0 0 1 0.671926 -1.00003 1.00003
0 0 0 1 0.671926 -1.00003 1.00003
0 0 0 1 0.671926 -1.00003 1.00003
0 0 0 1 0.671926 -1.00003 1.00003
0 0 0 1 0.671926 -1.00003 1.00003
0 0 0 1 0.671926 -1.00003 1.00003
0 0 0 1 0.671926 -1.00003 1.00003
0 0 0 1 0.671926 -1.00003 1.00003
0 0 0 1 0.671926 -1.00003 1.00003
0 0 0 1 0.671926 -1.00003 1.00003
0 0 0 1 0.671926 -1.00003 1.00003
0 0 0 1 0.671926 -1.00003 1.00003
0 0 0 1 0.671926 -1.00003 1.00003
0 0 0 1 0.671926 -1.00003 1.00003
0 0 0 1 0.671926 -1.00003 1.00003
0 0 0 1 0.671926 -1.00003 1.00003
0 0 0 1 0.671926 -1.00003 1.00003
0 0 0 1 0.671926 -1.00003 1.00003
0 0 0 1 0.671926 -1.00003 1.00003
0 0 0 1 0.671926 -1.00003 1.00003
0 0 0 1 0.671926 -1.00003 1.00003
0 0 0 1 0.671926 -1.00003 1.00003
0 0 0 1 0.671926 -1.00003 1.00003
0 0 0 1 0.671926 -1.00003 1.00003
0 0 0 1 0.671926 -1.00003 1.00003
0 0 0 1 0.671926 -1.00003 1.00003
0 0 0 1 0.671926 -1.00003 1.00003
0 0 0 1 0.671926 -1.00003 1.00003
0 0 0 1 0.671926 -1.00003 1.00003
0 0 0 1 0.671926 -1.00003 1.00003
0 0 0 1 0.671926 -1.00003 1.00003
0 0 0 1 0.671926 -1.00003 1.00003
0 0 0 1 0.671926 -1.00003 1.00003
0 0 0 1 0.671926 -0.953185 1.00003
0 0 0 1 0.671926 -0.953185 1.00003
0 0 0 1 0.671926 -0.953185 1.00003
0 0 0 1 0.671926 -0.953185 1.00003
0 0 0 1 0.671926 -0.953185 1.00003
0 0 0 1 0.617237 0.404736 -0.539659
0 0 0 1 0.617237 0.404736 -0.539659
0 0 0 1 0.617237 0.404736 -0.539659
0 0 0 1 0.617237 0.404736 -0.539659
0 0 0 1 0.617237 0.404736 -0.539659
0 0 0 1 0.703177 -0.00784326 0.0781579
0 0 0 1 0.703177 -0.00784326 0.0781579
0 0 0 1 0.703177 -0.00784326 0.0781579
0 0 0 1 0.703177 -0.00784326 0.0781579
0 0 0 1 0.703177 -0.00784326 0.0781579
0 0 0 1 0.703177 -3.05185e-005 0.148473
0 0 0 1 0.703177 -3.05185e-005 0.148473
0 0 0 1 0.703177 -3.05185e-005 0.148473
0 0 0 1 0.703177 -3.05185e-005 0.148473
0 0 0 1 0.703177 -3.05185e-005 0.148473
0 0 0 1 0.703177 -3.05185e-005 0.015656
0 0 0 1 0.703177 -3.05185e-005 0.015656
0 0 0 1 0.703177 -3.05185e-005 0.015656
0 0 0 1 0.703177 -3.05185e-005 0.015656
0 0 0 1 0.703177 -3.05185e-005 0.015656
0 0 0 1 0.703177 -3.05185e-005 0.015656
0 0 0 1 0.703177 -3.05185e-005 0.015656
0 0 0 1 0.703177 -3.05185e-005 0.015656
0 0 0 1 0.703177 -3.05185e-005 0.015656
0 0 0 1 0.703177 -3.05185e-005 0.015656
0 0 0 1 0.703177 -3.05185e-005 0.015656
0 0 0 1 0.703177 -3.05185e-005 0.015656
0 0 0 1 0.703177 -3.05185e-005 0.015656
0 0 0 1 0.703177 -3.05185e-005 0.015656
0 0 0 1 0.703177 -3.05185e-005 0.015656
0 0 0 1 0.703177 -3.05185e-005 0.015656
0 0 0 1 0.703177 -3.05185e-005 0.015656
0 0 0 1 0.703177 -3.05185e-005 0.015656
0 0 0 1 0.703177 -3.05185e-005 0.015656
0 0 0 1 0.703177 -3.05185e-005 0.015656
0 0 0 1 0.703177 -3.05185e-005 0.015656
0 0 0 1 0.703177 -3.05185e-005 0.015656
0 0 0 1 0.703177 -3.05185e-005 0.015656
0 0 0 1 0.703177 -3.05185e-005 0.015656
0 0 0 1 0.703177 -3.05185e-005 0.015656
0 0 0 1 0.703177 -3.05185e-005 0.015656
0 0 0 1 0.703177 -3.05185e-005 0.015656
0 0 0 1 0.703177 -3.05185e-005 0.015656
0 0 0 1 0.703177 -3.05185e-005 0.015656
0 0 0 1 0.671926 -3.05185e-005 0.015656
0 0 0 1 0.632862 -3.05185e-005 0.015656
0 0 0 1 0.632862 -3.05185e-005 0.015656
0 0 0 1 0.632862 -3.05185e-005 0.015656
0 0 0 1 0.632862 -3.05185e-005 0.015656
0 0 0 1 0.632862 -3.05185e-005 0.015656
0 0 0 1 0.617237 -3.05185e-005 0.015656
0 0 0 1 0.617237 -3.05185e-005 0.015656
0 0 0 1 0.617237 -3.05185e-005 0.015656
0 0 0 1 0.617237 -3.05185e-005 0.015656
0 0 0 1 0.601611 -3.05185e-005 0.015656
0 0 0 1 0.601611 -3.05185e-005 0.015656
0 0 0 1 0.601611 -3.05185e-005 0.015656
0 0 0 1 0.585986 -3.05185e-005 0.015656
0 0 0 1 0.585986 -3.05185e-005 0.015656
0 0 0 1 0.585986 -3.05185e-005 0.015656
0 0 0 1 0.57036 -3.05185e-005 0.015656
0 0 0 1 0.57036 -3.05185e-005 0.015656
0 0 0 1 0.57036 -3.05185e-005 0.015656
0 0 0 1 0.554735 -3.05185e-005 0.015656
0 0 0 1 0.554735 -3.05185e-005 0.015656
0 0 0 1 0.539109 -3.05185e-005 0.015656
0 0 0 1 0.539109 -3.05185e-005 0.015656
0 0 0 1 0.523484 -3.05185e-005 0.015656
0 0 0 1 0.523484 -3.05185e-005 0.015656
0 0 0 1 0.523484 -3.05185e-005 0.015656
0 0 0 1 0.492233 -3.05185e-005 0.015656
0 0 0 1 0.492233 -3.05185e-005 0.015656
0 0 0 1 0.492233 -3.05185e-005 0.015656
0 0 0 1 0.492233 -3.05185e-005 0.015656
0 0 0 1 0.492233 -3.05185e-005 0.015656
0 0 0 1 0.48442 -3.05185e-005 0.015656
0 0 0 1 0.453169 -3.05185e-005 0.015656
0 0 0 1 0.453169 -3.05185e-005 0.015656
0 0 0 1 0.453169 -3.05185e-005 0.015656
0 0 0 1 0.453169 -3.05185e-005 0.015656
0 0 0 1 0.328166 -3.05185e-005 0.015656
0 0 0 1 0.328166 -3.05185e-005 0.015656
0 0 0 1 0.328166 -3.05185e-005 0.015656
0 0 0 1 0.328166 -3.05185e-005 0.015656
0 0 0 1 0.328166 -3.05185e-005 0.015656
0 0 0 0.960295 0.195349 -3.05185e-005 0.015656
0 0 0 0.960295 0.195349 -3.05185e-005 0.015656
0 0 0 0.960295 0.195349 -3.05185e-005 0.015656
0 0 0 0.960295 0.195349 -3.05185e-005 0.015656
0 0 0 0.960295 0.195349 -3.05185e-005 0.015656
0 0 0 0.73809 0.0469069 -3.05185e-005 0.015656
0 0 0 0.73809 0.0469069 -3.05185e-005 0.015656
0 0 0 0.73809 0.0469069 -3.05185e-005 0.015656
0 0 0 0.73809 0.0469069 -3.05185e-005 0.015656
0 0 0 0.73809 0.0469069 -3.05185e-005 0.015656
0 0 0 0.468245 -0.0952177 -3.05185e-005 0.015656
0 0 0 0.468245 -0.0952177 -3.05185e-005 0.015656
0 0 0 0.468245 -0.0952177 -3.05185e-005 0.015656
0 0 0 0.301584 -0.206336 -3.05185e-005 0.015656
0 0 0 0.301584 -0.206336 -3.05185e-005 0.015656
0 0 0 0.182531 -0.301584 -3.05185e-005 0.015656
0 0 0 0.182531 -0.301584 -3.05185e-005 0.015656
0 0 0 0.182531 -0.301584 -3.05185e-005 0.015656
0 0 0 0.182531 -0.301584 -3.05185e-005 0.015656
0 0 0 0.182531 -0.301584 -3.05185e-005 0.015656
0 0 0 0.0872829 -0.380932 -3.05185e-005 0.015656
0 0 0 0.0872829 -0.380932 -3.05185e-005 0.015656
0 0 0 0.0872829 -0.380932 -3.05185e-005 0.015656
0 0 0 0.0872829 -0.380932 -3.05185e-005 0.015656
0 0 0 0.0158696 -0.460311 -3.05185e-005 0.015656
0 0 0 -3.05185e-005 -0.50792 -3.05185e-005 0.015656
0 0 0 -3.05185e-005 -0.50792 -3.05185e-005 0.015656
0 0 0 -3.05185e-005 -0.50792 -3.05185e-005 0.015656
0 0 0 -3.05185e-005 -0.50792 -3.05185e-005 0.015656
0 0 0 -3.05185e-005 -0.50792 -3.05185e-005 0.015656
0 0 0 -0.00784326 -0.571429 -3.05185e-005 0.015656
0 0 0 -0.00784326 -0.571429 -3.05185e-005 0.015656
0 0 0 -0.00784326 -0.571429 -3.05185e-005 0.015656
0 0 0 -0.00784326 -0.571429 -3.05185e-005 0.015656
0 0 0 -0.00784326 -0.571429 -3.05185e-005 0.015656
0 0 0 -0.0234687 -0.603168 -3.05185e-005 0.015656
0 0 0 -0.0234687 -0.603168 -3.05185e-005 0.015656
0 0 0 -0.0234687 -0.603168 -3.05185e-005 0.015656
0 0 0 -0.0234687 -0.603168 -3.05185e-005 0.015656
0 0 0 -0.0234687 -0.603168 -3.05185e-005 0.015656
0 0 0 -0.117222 -0.650777 -3.05185e-005 0.015656
0 0 0 -0.117222 -0.650777 -3.05185e-005 0.015656
0 0 0 -0.117222 -0.650777 -3.05185e-005 0.015656
0 0 0 -0.117222 -0.650777 -3.05185e-005 0.015656
0 0 0 -0.117222 -0.650777 -3.05185e-005 0.015656
0 0 0 -0.250038 -0.674581 -3.05185e-005 0.015656
0 0 0 -0.250038 -0.674581 -3.05185e-005 0.015656
0 0 0 -0.250038 -0.674581 -3.05185e-005 0.015656
0 0 0 -0.250038 -0.674581 -3.05185e-005 0.015656
0 0 0 -0.250038 -0.674581 -3.05185e-005 0.015656
0 0 0 -0.406293 -0.769829 -3.05185e-005 0.015656
0 0 0 -0.406293 -0.769829 -3.05185e-005 0.015656
0 0 0 -0.406293 -0.769829 -3.05185e-005 0.015656
0 0 0 -0.57036 -0.849178 -3.05185e-005 0.015656
0 0 0 -0.57036 -0.849178 -3.05185e-005 0.015656
0 0 0 -0.687551 -0.912687 -3.05185e-005 0.015656
0 0 0 -0.687551 -0.912687 -3.05185e-005 0.015656
0 0 0 -0.687551 -0.912687 -3.05185e-005 0.015656
0 0 0 -0.687551 -0.912687 -3.05185e-005 0.015656
0 0 0 -0.687551 -0.912687 -3.05185e-005 0.015656
0 0 0 -0.96881 -1 -3.05185e-005 0.015656
0 0 0 -0.96881 -1 -3.05185e-005 0.015656
0 0 0 -1.00003 -1 -3.05185e-005 0.015656
0 0 0 -1.00003 -1 -3.05185e-005 0.015656
0 0 0 -1.00003 -1 -3.05185e-005 0.015656
0 0 0 -1.00003 -1 -3.05185e-005 0.015656
0 0 0 -1.00003 -1 -3.05185e-005 0.015656
0 0 0 -1.00003 -1 -3.05185e-005 0.015656
0 0 0 -1.00003 -1 -3.05185e-005 0.015656
0 0 0 -1.00003 -1 -3.05185e-005 0.015656
0 0 0 -1.00003 -1 -3.05185e-005 0.015656
0 0 0 -1.00003 -1 -3.05185e-005 0.015656
0 0 0 -1.00003 -1 -3.05185e-005 0.015656
0 0 0 -1.00003 -1 -3.05185e-005 0.015656
0 0 0 -1.00003 -1 -3.05185e-005 0.015656
0 0 0 -1.00003 -1 -3.05185e-005 0.015656
0 0 0 -1.00003 -1 -3.05185e-005 0.015656
0 0 0 -1.00003 -1 -3.05185e-005 0.015656
0 0 0 -1.00003 -1 -3.05185e-005 0.015656
0 0 0 -1.00003 -1 -3.05185e-005 0.015656
0 0 0 -1.00003 -1 -3.05185e-005 0.015656
0 0 0 -1.00003 -1 -3.05185e-005 0.015656
0 0 0 -1.00003 -1 -3.05185e-005 0.015656
0 0 0 -1.00003 -1 -3.05185e-005 0.015656
0 0 0 -1.00003 -1 -3.05185e-005 0.015656
0 0 0 -1.00003 -1 -3.05185e-005 0.015656
0 0 0 -1.00003 -1 -3.05185e-005 0.015656
0 0 0 -1.00003 -1 -3.05185e-005 0.015656
0 0 0 -1.00003 -1 -3.05185e-005 0.015656
0 0 0 -1.00003 -1 -3.05185e-005 0.015656
0 0 0 -1.00003 -1 -3.05185e-005 0.015656
0 0 0 -1.00003 -1 -3.05185e-005 0.015656
0 0 0 -1.00003 -1 -3.05185e-005 0.015656
0 0 0 -1.00003 -1 -3.05185e-005 0.015656
0 0 0 -1.00003 -1 -3.05185e-005 0.015656
0 0 0 -1.00003 -1 -3.05185e-005 0.015656
0 0 0 -1.00003 -1 -3.05185e-005 0.015656
0 0 0 -1.00003 -1 -3.05185e-005 0.015656
0 0 0 -1.00003 -1 -3.05185e-005 0.015656
0 0 0 -1.00003 -1 -3.05185e-005 0.015656
0 0 0 -1.00003 -1 -3.05185e-005 0.015656
0 0 0 -1.00003 -1 -3.05185e-005 0.015656
0 0 0 -1.00003 -1 -3.05185e-005 0.015656
0 0 0 -1.00003 -1 -3.05185e-005 0.015656
0 0 0 -1.00003 -1 -3.05185e-005 0.015656
0 0 0 -1.00003 -1 -3.05185e-005 0.015656
0 0 0 -1.00003 -1 -3.05185e-005 0.015656
0 0 0 -1.00003 -1 -3.05185e-005 0.015656
0 0 0 -1.00003 -1 -3.05185e-005 0.015656
0 0 0 -1.00003 -1 -3.05185e-005 0.015656
0 0 0 -1.00003 -1 -3.05185e-005 0.015656
0 0 0 -1.00003 -1 -3.05185e-005 0.015656
0 0 0 -1.00003 -1 -3.05185e-005 0.015656
0 0 0 -1.00003 -1 -3.05185e-005 0.015656
0 0 0 -1.00003 -1 -3.05185e-005 0.015656
0 0 0 -1.00003 -1 -3.05185e-005 0.015656
0 0 0 -1.00003 -1 -3.05185e-005 0.015656
0 0 0 -1.00003 -1 -3.05185e-005 0.015656
0 0 0 -1.00003 -1 -3.05185e-005 0.015656
0 0 0 -1.00003 -1 -3.05185e-005 0.015656
0 0 0 -1.00003 -1 -3.05185e-005 0.015656
0 0 0 -1.00003 -1 -3.05185e-005 0.015656
0 0 0 -1.00003 -1 -3.05185e-005 0.015656
0 0 0 -1.00003 -1 -3.05185e-005 0.015656
0 0 0 -1.00003 -1 -3.05185e-005 0.015656
0 0 0 -1.00003 -1 -3.05185e-005 0.015656
0 0 0 -1.00003 -1 -3.05185e-005 0.015656
0 0 0 -1.00003 -1 -3.05185e-005 0.015656
0 0 0 -1.00003 -1 -3.05185e-005 0.015656
0 0 0 -1.00003 -1 -3.05185e-005 0.015656
0 0 0 -1.00003 -1 -3.05185e-005 0.015656
0 0 0 -1.00003 -1 -3.05185e-005 0.015656
0 0 0 -1.00003 -1 -3.05185e-005 0.015656
0 0 0 -1.00003 -1 -3.05185e-005 0.015656
0 0 0 -1.00003 -1 -3.05185e-005 0.015656
0 0 0 -1.00003 -1 -3.05185e-005 0.015656
0 0 0 -1.00003 -1 -3.05185e-005 0.015656
0 0 0 -1.00003 -1 -3.05185e-005 0.015656
0 0 0 -1.00003 -1 -3.05185e-005 0.015656
0 0 0 -1.00003 -1 -3.05185e-005 0.015656
0 0 0 -1.00003 -1 -3.05185e-005 0.015656
0 0 0 -1.00003 -1 -3.05185e-005 0.015656
0 0 0 -1.00003 -1 -3.05185e-005 0.015656
0 0 0 -1.00003 -1 -3.05185e-005 0.015656
0 0 0 -1.00003 -1 -3.05185e-005 0.015656
0 0 0 -1.00003 -1 -3.05185e-005 0.015656
0 0 0 -1.00003 -1 -3.05185e-005 0.015656
0 0 0 -1.00003 -1 -3.05185e-005 0.015656
0 0 0 -1.00003 -1 -3.05185e-005 0.015656
0 0 0 -1.00003 -1 -3.05185e-005 0.015656
0 0 0 -1.00003 -1 -3.05185e-005 0.015656
0 0 0 -1.00003 -1 -3.05185e-005 0.015656
0 0 0 -1.00003 -1 -3.05185e-005 0.015656
0 0 0 -1.00003 -1 -3.05185e-005 0.015656
0 0 0 -1.00003 -1 -3.05185e-005 0.015656
0 0 0 -1.00003 -1 -3.05185e-005 0.015656
0 0 0 -1.00003 -1 -3.05185e-005 0.015656
0 0 0 -1.00003 -1 -3.05185e-005 0.015656
0 0 0 -1.00003 -1 -3.05185e-005 0.015656
0 0 0 -1.00003 -1 -3.05185e-005 0.015656
0 0 0 -1.00003 -1 -3.05185e-005 0.015656
0 0 0 -1.00003 -1 -3.05185e-005 0.015656
0 0 0 -1.00003 -1 -3.05185e-005 0.015656
0 0 0 -1.00003 -1 -3.05185e-005 0.015656
0 0 0 -1.00003 -1 -3.05185e-005 0.015656
0 0 0 -1.00003 -1 -3.05185e-005 0.015656
0 0 0 -1.00003 -1 -3.05185e-005 0.015656
0 0 0 -1.00003 -1 -3.05185e-005 0.015656
0 0 0 -1.00003 -1 -3.05185e-005 0.015656
0 0 0 -1.00003 -1 -3.05185e-005 0.015656
0 0 0 -1.00003 -1 -3.05185e-005 0.015656
0 0 0 -1.00003 -1 -3.05185e-005 0.015656
0 0 0 -1.00003 -1 -3.05185e-005 0.015656
0 0 0 -1.00003 -1 -3.05185e-005 0.015656
0 0 0 -1.00003 -1 -3.05185e-005 0.015656
0 0 0 -1.00003 -1 -3.05185e-005 0.015656
0 0 0 -1.00003 -1 -3.05185e-005 0.015656
0 0 0 -1.00003 -1 -3.05185e-005 0.015656
0 0 0 -1.00003 -1 -3.05185e-005 0.015656
0 0 0 -1.00003 -1 -3.05185e-005 0.015656
0 0 0 -1.00003 -1 -3.05185e-005 0.015656
0 0 0 -1.00003 -1 -3.05185e-005 0.015656
0 0 0 -1.00003 -1 -3.05185e-005 0.015656
0 0 0 -1.00003 -1 -3.05185e-005 0.015656
0 0 0 -1.00003 -1 -3.05185e-005 0.015656
0 0 0 -1.00003 -1 -3.05185e-005 0.015656
0 0 0 -1.00003 -1 -3.05185e-005 0.015656
0 0 0 -1.00003 -1 -3.05185e-005 0.015656
0 0 0 -1.00003 -1 -3.05185e-005 0.015656
0 0 0 -1.00003 -1 -3.05185e-005 0.015656
0 0 0 -1.00003 -1 -3.05185e-005 0.015656
0 0 0 -1.00003 -1 -3.05185e-005 0.015656
0 0 0 -1.00003 -1 -3.05185e-005 0.015656
0 0 0 -1.00003 -1 -3.05185e-005 0.015656
0 0 0 -1.00003 -1 -3.05185e-005 0.015656
0 0 0 -1.00003 -1 -3.05185e-005 0.015656
0 0 0 -1.00003 -1 -3.05185e-005 0.015656
0 0 0 -1.00003 -1 -3.05185e-005 0.015656
0 0 0 -1.00003 -1 -3.05185e-005 0.015656
0 0 0 -1.00003 -1 -3.05185e-005 0.015656
0 0 0 -1.00003 -1 -3.05185e-005 0.015656
0 0 0 -1.00003 -1 -3.05185e-005 0.015656
0 0 0 -1.00003 -1 -3.05185e-005 0.015656
0 0 0 -1.00003 -1 -3.05185e-005 0.015656
0 0 0 -1.00003 -1 -3.05185e-005 0.015656
0 0 0 -1.00003 -1 -3.05185e-005 0.015656
0 0 0 -1.00003 -1 -3.05185e-005 0.015656
0 0 0 -1.00003 -1 -3.05185e-005 0.015656
0 0 0 -1.00003 -1 -3.05185e-005 0.015656
0 0 0 -1.00003 -1 -3.05185e-005 0.015656
0 0 0 -1.00003 -1 -3.05185e-005 0.015656
0 0 0 -1.00003 -1 -3.05185e-005 0.015656
0 0 0 -1.00003 -1 -3.05185e-005 0.015656
0 0 0 -1.00003 -1 -3.05185e-005 0.015656
0 0 0 -1.00003 -1 -3.05185e-005 0.015656
0 0 0 -1.00003 -1 -3.05185e-005 0.015656
0 0 0 -1.00003 -1 -3.05185e-005 0.015656
0 0 0 -1.00003 -1 -3.05185e-005 0.015656
0 0 0 -1.00003 -1 -3.05185e-005 0.015656
0 0 0 -1.00003 -1 -3.05185e-005 0.015656
0 0 0 -1.00003 -1 -3.05185e-005 0.015656
0 0 0 -1.00003 -1 -3.05185e-005 0.015656
0 0 0 -1.00003 -1 -3.05185e-005 0.015656
0 0 0 -1.00003 -1 -3.05185e-005 0.015656
0 0 0 -1.00003 -1 -3.05185e-005 0.015656
0 0 0 -1.00003 -1 -3.05185e-005 0.015656
0 0 0 -1.00003 -1 -3.05185e-005 0.015656
0 0 0 -1.00003 -1 -3.05185e-005 0.015656
0 0 0 -1.00003 -1 -3.05185e-005 0.015656
0 0 0 -1.00003 -1 -3.05185e-005 0.015656
0 0 0 -1.00003 -1 -3.05185e-005 0.015656
0 0 0 -1.00003 -1 -3.05185e-005 0.015656
0 0 0 -1.00003 -1 -3.05185e-005 0.015656
0 0 0 -1.00003 -1 -3.05185e-005 0.015656
0 0 0 -1.00003 -1 -3.05185e-005 0.015656
0 0 0 -1.00003 -1 -3.05185e-005 0.015656
0 0 0 -1.00003 -1 -3.05185e-005 0.015656
0 0 0 -1.00003 -1 -3.05185e-005 0.015656
0 0 0 -1.00003 -1 -3.05185e-005 0.015656
0 0 0 -1.00003 -1 -3.05185e-005 0.015656
0 0 0 -1.00003 -1 -3.05185e-005 0.015656
0 0 0 -1.00003 -1 -3.05185e-005 0.015656
0 0 0 -1.00003 -1 -3.05185e-005 0.015656
0 0 0 -1.00003 -1 -3.05185e-005 0.015656
0 0 0 -1.00003 -1 -3.05185e-005 0.015656
0 0 0 -1.00003 -1 -3.05185e-005 0.015656
0 0 0 -1.00003 -1 -3.05185e-005 0.015656
0 0 0 -1.00003 -1 -3.05185e-005 0.015656
0 0 0 -1.00003 -1 -3.05185e-005 0.015656
0 0 0 -1.00003 -1 -3.05185e-005 0.015656
0 0 0 -1.00003 -1 -3.05185e-005 0.015656
0 0 0 -1.00003 -1 -3.05185e-005 0.015656
0 0 0 -1.00003 -1 -3.05185e-005 0.015656
0 0 0 -1.00003 -1 -3.05185e-005 0.015656
0 0 0 -1.00003 -1 -3.05185e-005 0.015656
0 0 0 -1.00003 -1 -3.05185e-005 0.015656
0 0 0 -1.00003 -1 -3.05185e-005 0.015656
0 0 0 -1.00003 -1 -3.05185e-005 0.015656
0 0 0 -1.00003 -1 -3.05185e-005 0.015656
0 0 0 -1.00003 -1 -3.05185e-005 0.015656
0 0 0 -1.00003 -1 -3.05185e-005 0.015656
0 0 0 -1.00003 -1 -3.05185e-005 0.015656
0 0 0 -1.00003 -1 -3.05185e-005 0.015656
0 0 0 -1.00003 -1 -3.05185e-005 0.015656
0 0 0 -1.00003 -1 -3.05185e-005 0.015656
0 0 0 -1.00003 -1 -3.05185e-005 0.015656
0 0 0 -1.00003 -1 -3.05185e-005 0.015656
0 0 0 -1.00003 -1 -3.05185e-005 0.015656
0 0 0 -1.00003 -1 -3.05185e-005 0.015656
0 0 0 -1.00003 -1 -3.05185e-005 0.015656
0 0 0 -1.00003 -1 -3.05185e-005 0.015656
0 0 0 -1.00003 -1 -3.05185e-005 0.015656
0 0 0 -1.00003 -1 -3.05185e-005 0.015656
0 0 0 -1.00003 -1 -3.05185e-005 0.015656
0 0 0 -1.00003 -1 -3.05185e-005 0.015656
0 0 0 -1.00003 -1 -0.00784326 0.015656
0 0 0 -1.00003 -1 -0.00784326 0.015656
0 0 0 -1.00003 -1 -0.00784326 0.015656
0 0 0 -1.00003 -1 -0.00784326 0.015656
0 0 0 -1.00003 -1 -0.00784326 0.015656
0 0 0 -1.00003 -1 -0.0312815 0.015656
0 0 0 -1.00003 -1 -0.0312815 0.015656
0 0 0 -1.00003 -1 -0.0312815 0.015656
0 0 0 -1.00003 -1 -0.125034 0.0312815
0 0 0 -1.00003 -1 -0.125034 0.0312815
0 0 0 -1.00003 -1 -0.171911 0.0312815
0 0 0 -1.00003 -1 -0.171911 0.0312815
0 0 0 -1.00003 -1 -0.171911 0.0312815
0 0 0 -1.00003 -1 -0.171911 0.0312815
0 0 0 -1.00003 -1 -0.171911 0.0312815
0 0 0 -1.00003 -1 -0.2266 0.0781579
0 0 0 -1.00003 -1 -0.2266 0.0781579
0 0 0 -1.00003 -1 -0.2266 0.0781579
0 0 0 -1.00003 -1 -0.335978 0.132847
0 0 0 -1.00003 -1 -0.335978 0.132847
0 0 0 -1.00003 -1 -0.359416 0.164098
0 0 0 -1.00003 -1 -0.359416 0.164098
0 0 0 -1.00003 -1 -0.359416 0.164098
0 0 0 -1.00003 -1 -0.359416 0.164098
0 0 0 -1.00003 -1 -0.359416 0.164098
0 0 0 -1.00003 -1 -0.515671 0.281289
0 0 0 -1.00003 -1 -0.515671 0.281289
0 0 0 -1.00003 -1 -0.515671 0.281289
0 0 0 -1.00003 -1 -0.515671 0.281289
0 0 0 -1.00003 -1 -0.515671 0.281289
0 0 0 -1.00003 -1 -0.585986 0.304727
0 0 0 -1.00003 -1 -0.585986 0.304727
0 0 0 -1.00003 -1 -0.585986 0.304727
0 0 0 -1.00003 -1 -0.640675 0.367229
0 0 0 -1.00003 -1 -0.640675 0.367229
0 0 0 -1.00003 -1 -0.750053 0.437544
0 0 0 -1.00003 -1 -0.750053 0.437544
0 0 0 -1.00003 -1 -0.750053 0.437544
0 0 0 -1.00003 -1 -0.750053 0.437544
0 0 0 -1.00003 -1 -0.750053 0.437544
0 0 0 -1.00003 -1 -0.859432 0.554735
0 0 0 -1.00003 -1 -0.859432 0.554735
0 0 0 -1.00003 -1 -0.859432 0.554735
0 0 0 -1.00003 -1 -0.859432 0.554735
0 0 0 -1.00003 -1 -0.859432 0.554735
0 0 0 -1.00003 -1 -0.953185 0.609424
0 0 0 -1.00003 -1 -0.953185 0.609424
0 0 0 -1.00003 -1 -0.953185 0.609424
0 0 0 -1.00003 -1 -0.953185 0.609424
0 0 0 -1.00003 -1 -0.953185 0.609424
0 0 0 -1.00003 -1 -1.00003 0.679739
0 0 0 -1.00003 -1 -1.00003 0.679739
0 0 0 -1.00003 -1 -1.00003 0.679739
0 0 0 -1.00003 -1 -1.00003 0.679739
0 0 0 -1.00003 -1 -1.00003 0.679739
0 0 0 -1.00003 -1 -1.00003 0.750053
0 0 0 -1.00003 -1 -1.00003 0.750053
0 0 0 -1.00003 -1 -1.00003 0.750053
0 0 0 -1.00003 -1 -1.00003 0.750053
0 0 0 -1.00003 -1 -1.00003 0.750053
0 0 0 -1.00003 -1 -1.00003 0.781304
0 0 0 -1.00003 -1 -1.00003 0.781304
0 0 0 -1.00003 -1 -1.00003 0.781304
0 0 0 -1.00003 -1 -1.00003 0.781304
0 0 0 -1.00003 -1 -1.00003 0.781304
0 0 0 -1.00003 -1 -1.00003 0.781304
0 0 0 -1.00003 -1 -1.00003 0.781304
0 0 0 -1.00003 -1 -1.00003 0.781304
0 0 0 -1.00003 -1 -1.00003 0.781304
0 0 0 -1.00003 -1 -1.00003 0.781304
0 0 0 -1.00003 -1 -1.00003 0.79693
0 0 0 -1.00003 -1 -1.00003 0.79693
0 0 0 -1.00003 -1 -1.00003 0.79693
0 0 0 -1.00003 -1 -1.00003 0.79693
0 0 0 -1.00003 -1 -1.00003 0.79693
0 0 0 -1.00003 -1 -1.00003 0.79693
0 0 0 -1.00003 -1 -1.00003 0.79693
0 0 0 -1.00003 -1 -1.00003 0.79693
0 0 0 -1.00003 -1 -1.00003 0.79693
0 0 0 -1.00003 -1 -1.00003 0.79693
0 0 0 -1.00003 -1 -1.00003 0.79693
0 0 0 -1.00003 -1 -1.00003 0.79693
0 0 0 -1.00003 -1 -1.00003 0.79693
0 0 0 -1.00003 -1 -1.00003 0.79693
0 0 0 -1.00003 -1 -1.00003 0.79693
0 0 0 -1.00003 -1 -1.00003 0.79693
0 0 0 -1.00003 -1 -1.00003 0.79693
0 0 0 -1.00003 -1 -1.00003 0.79693
0 0 0 -1.00003 -1 -1.00003 0.79693
0 0 0 -1.00003 -1 -1.00003 0.79693
0 0 0 -1.00003 -1 -1.00003 0.79693
0 0 0 -1.00003 -1 -1.00003 0.79693
0 0 0 -1.00003 -1 -1.00003 0.79693
0 0 0 -1.00003 -1 -1.00003 0.79693
0 0 0 -1.00003 -1 -1.00003 0.79693
0 0 0 -1.00003 -1 -1.00003 0.79693
0 0 0 -1.00003 -1 -1.00003 0.79693
0 0 0 -1.00003 -1 -1.00003 0.79693
0 0 0 -1.00003 -1 -1.00003 0.79693
0 0 0 -1.00003 -1 -1.00003 0.79693
0 0 0 -1.00003 -1 -1.00003 0.79693
0 0 0 -1.00003 -1 -1.00003 0.79693
0 0 0 -1.00003 -1 -1.00003 0.79693
0 0 0 -1.00003 -1 -1.00003 0.79693
0 0 0 -1.00003 -1 -1.00003 0.79693
0 0 0 -1.00003 -1 -1.00003 0.79693
0 0 0 -1.00003 -1 -1.00003 0.79693
0 0 0 -1.00003 -1 -1.00003 0.79693
0 0 0 -1.00003 -1 -1.00003 0.79693
0 0 0 -1.00003 -1 -1.00003 0.79693
0 0 0 -1.00003 -1 -1.00003 0.79693
0 0 0 -1.00003 -1 -1.00003 0.79693
0 0 0 -1.00003 -1 -1.00003 0.79693
0 0 0 -1.00003 -1 -1.00003 0.79693
0 0 0 -1.00003 -1 -1.00003 0.79693
0 0 0 -1.00003 -1 -1.00003 0.79693
0 0 0 -1.00003 -1 -1.00003 0.79693
0 0 0 -1.00003 -1 -1.00003 0.79693
0 0 0 -1.00003 -1 -1.00003 0.79693
0 0 0 -1.00003 -1 -1.00003 0.79693
0 0 0 -1.00003 -1 -1.00003 0.79693
0 0 0 -1.00003 -1 -1.00003 0.79693
0 0 0 -1.00003 -1 -1.00003 0.79693
0 0 0 -1.00003 -1 -1.00003 0.79693
0 0 0 -1.00003 -1 -1.00003 0.79693
0 0 0 -1.00003 -1 -1.00003 0.79693
0 0 0 -1.00003 -1 -1.00003 0.79693
0 0 0 -1.00003 -1 -1.00003 0.79693
0 0 0 -1.00003 -1 -1.00003 0.79693
0 0 0 -1.00003 -1 -1.00003 0.79693
0 0 0 -1.00003 -1 -1.00003 0.79693
0 0 0 -1.00003 -1 -1.00003 0.79693
0 0 0 -1.00003 -1 -1.00003 0.79693
0 0 0 -1.00003 -1 -1.00003 0.79693
0 0 0 -1.00003 -1 -1.00003 0.79693
0 0 0 -1.00003 -1 -1.00003 0.79693
0 0 0 -1.00003 -1 -1.00003 0.79693
0 0 0 -1.00003 -1 -1.00003 0.79693
0 0 0 -1.00003 -1 -1.00003 0.79693
0 0 0 -1.00003 -1 -1.00003 0.79693
0 0 0 -1.00003 -1 -1.00003 0.79693
0 0 0 -1.00003 -1 -1.00003 0.79693
0 0 0 -1.00003 -1 -1.00003 0.79693
0 0 0 -1.00003 -1 -1.00003 0.79693
0 0 0 -1.00003 -1 -1.00003 0.79693
0 0 0 -1.00003 -1 -1.00003 0.79693
0 0 0 -1.00003 -1 -1.00003 0.79693
0 0 0 -1.00003 -1 -1.00003 0.79693
0 0 0 -1.00003 -1 -1.00003 0.79693
0 0 0 -1.00003 -1 -1.00003 0.79693
0 0 0 -1.00003 -1 -1.00003 0.812555
0 0 0 -1.00003 -1 -1.00003 0.812555
0 0 0 -1.00003 -1 -1.00003 0.812555
0 0 0 -1.00003 -1 -1.00003 0.812555
0 0 0 -1.00003 -1 -1.00003 0.812555
0 0 0 -1.00003 -1 -1.00003 0.812555
0 0 0 -1.00003 -1 -1.00003 0.812555
0 0 0 -1.00003 -1 -1.00003 0.812555
0 0 0 -1.00003 -1 -1.00003 0.812555
0 0 0 -1.00003 -1 -1.00003 0.812555
0 0 0 -1.00003 -1 -1.00003 0.812555
0 0 0 -1.00003 -1 -1.00003 0.812555
0 0 0 -1.00003 -1 -1.00003 0.812555
0 0 0 -1.00003 -1 -1.00003 0.812555
0 0 0 -1.00003 -1 -1.00003 0.812555
0 0 0 -1.00003 -1 -1.00003 0.828181
0 0 0 -1.00003 -1 -1.00003 0.828181
0 0 0 -1.00003 -1 -1.00003 0.828181
0 0 0 -1.00003 -1 -1.00003 0.828181
0 0 0 -1.00003 -1 -1.00003 0.828181
0 0 0 -1.00003 -1 -1.00003 0.828181
0 0 0 -1.00003 -1 -1.00003 0.828181
0 0 0 -1.00003 -1 -1.00003 0.828181
0 0 0 -1.00003 -1 -1.00003 0.828181
0 0 0 -1.00003 -1 -1.00003 0.828181
0 0 0 -1.00003 -1 -1.00003 0.828181
0 0 0 -1.00003 -1 -1.00003 0.828181
0 0 0 -1.00003 -1 -1.00003 0.828181
0 0 0 -1.00003 -1 -1.00003 0.828181
0 0 0 -1.00003 -1 -1.00003 0.828181
0 0 0 -1.00003 -1 -1.00003 0.828181
0 0 0 -1.00003 -1 -1.00003 0.828181
0 0 0 -1.00003 -1 -1.00003 0.828181
0 0 0 -1.00003 -1 -1.00003 0.828181
0 0 0 -1.00003 -1 -1.00003 0.828181
0 0 0 -1.00003 -1 -1.00003 0.828181
0 0 0 -1.00003 -1 -1.00003 0.828181
0 0 0 -1.00003 -1 -1.00003 0.828181
0 0 0 -1.00003 -1 -1.00003 0.828181
0 0 0 -1.00003 -1 -1.00003 0.828181
0 0 0 -1.00003 -1 -1.00003 0.828181
0 0 0 -1.00003 -1 -1.00003 0.828181
0 0 0 -1.00003 -1 -1.00003 0.828181
0 0 0 -1.00003 -1 -1.00003 0.828181
0 0 0 -1.00003 -1 -1.00003 0.828181
0 0 0 -1.00003 -1 -1.00003 0.828181
0 0 0 -1.00003 -1 -1.00003 0.828181
0 0 0 -1.00003 -1 -1.00003 0.828181
0 0 0 -1.00003 -1 -1.00003 0.828181
0 0 0 -1.00003 -1 -1.00003 0.828181
0 0 0 -1.00003 -1 -1.00003 0.828181
0 0 0 -1.00003 -1 -1.00003 0.828181
0 0 0 -1.00003 -1 -1.00003 0.828181
0 0 0 -1.00003 -1 -1.00003 0.828181
0 0 0 -1.00003 -1 -1.00003 0.828181
0 0 0 -1.00003 -1 -1.00003 0.828181
0 0 0 -1.00003 -1 -1.00003 0.828181
0 0 0 -1.00003 -1 -1.00003 0.828181
0 0 0 -1.00003 -1 -1.00003 0.828181
0 0 0 -1.00003 -1 -1.00003 0.828181
0 0 0 -1.00003 -1 -1.00003 0.828181
0 0 0 -1.00003 -1 -1.00003 0.828181
0 0 0 -1.00003 -1 -1.00003 0.828181
0 0 0 -1.00003 -1 -1.00003 0.828181
0 0 0 -1.00003 -1 -1.00003 0.828181
0 0 0 -1.00003 -1 -1.00003 0.828181
0 0 0 -1.00003 -1 -1.00003 0.828181
0 0 0 -1.00003 -1 -1.00003 0.828181
0 0 0 -1.00003 -1 -1.00003 0.828181
0 0 0 -1.00003 -1 -1.00003 0.828181
0 0 0 -1.00003 -1 -1.00003 0.828181
0 0 0 -1.00003 -1 -1.00003 0.828181
0 0 0 -1.00003 -1 -1.00003 0.828181
0 0 0 -1.00003 -1 -1.00003 0.828181
0 0 0 -1.00003 -1 -1.00003 0.828181
0 0 0 -1.00003 -1 -1.00003 0.828181
0 0 0 -1.00003 -1 -1.00003 0.828181
0 0 0 -1.00003 -1 -1.00003 0.828181
0 0 0 -1.00003 -1 -1.00003 0.828181
0 0 0 -1.00003 -1 -1.00003 0.828181
0 0 0 -1.00003 -1 -1.00003 0.828181
0 0 0 -1.00003 -1 -1.00003 0.828181
0 0 0 -1.00003 -1 -1.00003 0.828181
0 0 0 -1.00003 -1 -1.00003 0.828181
0 0 0 -1.00003 -1 -1.00003 0.828181
0 0 0 -1.00003 -1 -1.00003 0.828181
0 0 0 -1.00003 -1 -1.00003 0.828181
0 0 0 -1.00003 -1 -1.00003 0.828181
0 0 0 -1.00003 -1 -1.00003 0.828181
0 0 0 -1.00003 -1 -1.00003 0.828181
0 0 0 -0.953185 -1 -1.00003 0.828181
0 0 0 -0.953185 -1 -1.00003 0.828181
0 0 0 -0.953185 -1 -1.00003 0.828181
0 0 0 -0.953185 -1 -1.00003 0.828181
0 0 0 -0.953185 -1 -1.00003 0.828181
0 0 0 -0.937559 -1 -1.00003 0.828181
0 0 0 -0.937559 -1 -1.00003 0.828181
0 0 0 -0.937559 -1 -1.00003 0.828181
0 0 0 -0.898495 -1 -1.00003 0.828181
0 0 0 -0.898495 -1 -1.00003 0.828181
0 0 0 -0.88287 -1 -1.00003 0.828181
0 0 0 -0.867244 -1 -1.00003 0.828181
0 0 0 -0.867244 -1 -1.00003 0.828181
0 0 0 -0.867244 -1 -1.00003 0.828181
0 0 0 -0.867244 -1 -1.00003 0.828181
0 0 0 -0.835994 -1 -1.00003 0.828181
0 0 0 -0.835994 -1 -1.00003 0.828181
0 0 0 -0.835994 -1 -1.00003 0.828181
0 0 0 -0.835994 -1 -1.00003 0.828181
0 0 0 -0.835994 -1 -1.00003 0.828181
0 0 0 -0.820368 -1 -1.00003 0.828181
0 0 0 -0.820368 -1 -1.00003 0.828181
0 0 0 -0.820368 -1 -1.00003 0.828181
0 0 0 -0.820368 -1 -1.00003 0.828181
0 0 0 -0.820368 -1 -1.00003 0.828181
