0 0 0 0.0238044 0.00784326 0.00793481 3.05185e-005
0 0 0 0.0238044 0.00784326 0.00793481 3.05185e-005
0 0 0 0.0238044 0.00784326 0.00793481 3.05185e-005
0 0 0 0.0238044 0.00784326 0.00793481 3.05185e-005
0 0 0 0.0238044 0.00784326 0.00793481 3.05185e-005
0 0 0 0.0238044 0.00784326 0.00793481 3.05185e-005
0 0 0 0.0238044 0.00784326 0.00793481 3.05185e-005
0 0 0 0.0238044 0.00784326 0.00793481 3.05185e-005
0 0 0 0.0238044 0.00784326 0.00793481 3.05185e-005
0 0 0 0.0238044 0.00784326 0.00793481 3.05185e-005
0 0 0 0.0238044 0.00784326 0.00793481 3.05185e-005
0 0 0 0.0238044 0.00784326 0.00793481 3.05185e-005
0 0 0 0.0238044 0.00784326 0.00793481 3.05185e-005
0 0 0 0.0238044 0.00784326 0.00793481 3.05185e-005
0 0 0 0.0238044 0.00784326 0.00793481 3.05185e-005
0 0 0 0.0238044 0.00784326 0.00793481 3.05185e-005
0 0 0 0.0238044 0.00784326 0.00793481 3.05185e-005
0 0 0 0.0238044 0.00784326 0.00793481 3.05185e-005
0 0 0 0.0238044 0.00784326 0.00793481 3.05185e-005
0 0 0 0.0238044 0.00784326 0.00793481 3.05185e-005
0 0 0 0.0238044 0.00784326 0.00793481 3.05185e-005
0 0 0 0.0238044 0.00784326 0.00793481 3.05185e-005
0 0 0 0.0238044 0.00784326 0.00793481 3.05185e-005
0 0 0 0.0238044 0.00784326 0.00793481 3.05185e-005
0 0 0 0.0238044 0.00784326 0.00793481 3.05185e-005
0 0 0 0 0.0625324 0.00793481 3.05185e-005
0 0 0 0 0.0625324 0.00793481 3.05185e-005
0 0 0 0 0.0625324 0.00793481 3.05185e-005
0 0 0 0 0.0625324 0.00793481 3.05185e-005
0 0 0 0 0.0625324 0.00793481 3.05185e-005
0 0 0 -0.00784326 0.203162 0.00793481 3.05185e-005
0 0 0 -0.00784326 0.203162 0.00793481 3.05185e-005
0 0 0 -0.00784326 0.203162 0.00793481 3.05185e-005
0 0 0 -0.00784326 0.203162 0.00793481 3.05185e-005
0 0 0 -0.0390942 0.31254 0.00793481 3.05185e-005
0 0 0 -0.0547197 0.390667 0.00793481 3.05185e-005
0 0 0 -0.0547197 0.390667 0.00793481 3.05185e-005
0 0 0 -0.0547197 0.390667 0.00793481 3.05185e-005
0 0 0 -0.0547197 0.390667 0.00793481 3.05185e-005
0 0 0 -0.0547197 0.390667 0.00793481 3.05185e-005
0 0 0 -0.0547197 0.554735 0.00793481 3.05185e-005
0 0 0 -0.0703452 0.695364 0.00793481 3.05185e-005
0 0 0 -0.0703452 0.695364 0.00793481 3.05185e-005
0 0 0 -0.0703452 0.695364 0.00793481 3.05185e-005
0 0 0 -0.0703452 0.695364 0.00793481 3.05185e-005
0 0 0 -0.0390942 0.851619 0.00793481 3.05185e-005
0 0 0 -0.0390942 0.851619 0.00793481 3.05185e-005
0 0 0 -0.00784326 1.00003 0.00793481 3.05185e-005
0 0 0 -0.00784326 1.00003 0.00793481 3.05185e-005
0 0 0 -0.00784326 1.00003 0.00793481 3.05185e-005
0 0 0 -0.00784326 1.00003 0.00793481 3.05185e-005
0 0 0 -0.0390942 1.00003 0.00793481 3.05185e-005
0 0 0 -0.0390942 1.00003 0.00793481 3.05185e-005
0 0 0 -0.0390942 1.00003 0.00793481 3.05185e-005
0 0 0 -0.0390942 1.00003 0.00793481 3.05185e-005
0 0 0 -0.0547197 1.00003 0.00793481 3.05185e-005
0 0 0 -0.0547197 1.00003 0.00793481 3.05185e-005
0 0 0 -0.0547197 1.00003 0.00793481 3.05185e-005
0 0 0 -0.0547197 1.00003 0.00793481 3.05185e-005
0 0 0 -0.0547197 1.00003 0.00793481 3.05185e-005
0 0 0 -0.0703452 1.00003 0.00793481 3.05185e-005
0 0 0 -0.0703452 1.00003 0.00793481 3.05185e-005
0 0 0 -0.0703452 1.00003 0.00793481 3.05185e-005
0 0 0 -0.0703452 1.00003 0.00793481 3.05185e-005
0 0 0 -0.0703452 1.00003 0.00793481 3.05185e-005
0 0 0 -0.0703452 1.00003 0.00793481 3.05185e-005
0 0 0 -0.0703452 1.00003 0.00793481 3.05185e-005
0 0 0 -0.0703452 1.00003 0.00793481 3.05185e-005
0 0 0 -0.0703452 1.00003 0.00793481 3.05185e-005
0 0 0 -0.0703452 1.00003 0.00793481 3.05185e-005
0 0 0 -0.0703452 1.00003 0.00793481 3.05185e-005
0 0 0 -0.0703452 1.00003 0.00793481 3.05185e-005
0 0 0 -0.0703452 1.00003 0.00793481 3.05185e-005
0 0 0 -0.0703452 1.00003 0.00793481 3.05185e-005
0 0 0 -0.0703452 1.00003 0.00793481 3.05185e-005
0 0 0 -0.0703452 1.00003 0.00793481 3.05185e-005
0 0 0 -0.0703452 1.00003 0.00793481 3.05185e-005
0 0 0 -0.0703452 1.00003 0.00793481 3.05185e-005
0 0 0 -0.0703452 1.00003 0.00793481 3.05185e-005
0 0 0 -0.0703452 1.00003 0.00793481 3.05185e-005
0 0 0 -0.0703452 1.00003 0.00793481 3.05185e-005
0 0 0 -0.0703452 1.00003 0.00793481 3.05185e-005
0 0 0 -0.0703452 1.00003 0.00793481 3.05185e-005
0 0 0 -0.0703452 1.00003 0.00793481 3.05185e-005
0 0 0 -0.0703452 1.00003 0.00793481 3.05185e-005
0 0 0 -0.0703452 1.00003 0.00793481 3.05185e-005
0 0 0 -0.0703452 1.00003 0.00793481 3.05185e-005
0 0 0 -0.0703452 1.00003 0.00793481 3.05185e-005
0 0 0 -0.0703452 1.00003 0.00793481 3.05185e-005
0 0 0 -0.0703452 1.00003 0.00793481 3.05185e-005
0 0 0 -0.0703452 1.00003 0.00793481 3.05185e-005
0 0 0 -0.0703452 1.00003 0.00793481 3.05185e-005
0 0 0 -0.0703452 1.00003 0.00793481 3.05185e-005
0 0 0 -0.0703452 1.00003 0.00793481 3.05185e-005
0 0 0 -0.0703452 1.00003 0.00793481 3.05185e-005
0 0 0 -0.0703452 1.00003 0.00793481 3.05185e-005
0 0 0 -0.0703452 1.00003 0.00793481 3.05185e-005
0 0 0 -0.0703452 1.00003 0.00793481 3.05185e-005
0 0 0 -0.0703452 1.00003 0.00793481 3.05185e-005
0 0 0 -0.0703452 1.00003 0.00793481 3.05185e-005
0 0 0 -0.0703452 1.00003 0.00793481 3.05185e-005
0 0 0 -0.0703452 1.00003 0.00793481 3.05185e-005
0 0 0 -0.0703452 1.00003 0.00793481 3.05185e-005
0 0 0 -0.0703452 1.00003 0.00793481 3.05185e-005
0 0 0 -0.0703452 1.00003 0.00793481 3.05185e-005
0 0 0 -0.0703452 1.00003 0.00793481 3.05185e-005
0 0 0 -0.0703452 1.00003 0.00793481 3.05185e-005
0 0 0 -0.0703452 1.00003 0.00793481 3.05185e-005
0 0 0 -0.0703452 1.00003 0.00793481 3.05185e-005
0 0 0 -0.0703452 1.00003 0.00793481 3.05185e-005
0 0 0 -0.109409 1.00003 0.00793481 3.05185e-005
0 0 0 -0.109409 1.00003 0.00793481 3.05185e-005
0 0 0 -0.109409 1.00003 0.00793481 3.05185e-005
0 0 0 -0.109409 1.00003 0.00793481 3.05185e-005
0 0 0 -0.109409 1.00003 0.00793481 3.05185e-005
0 0 0 -0.125034 1.00003 0.00793481 3.05185e-005
0 0 0 -0.125034 1.00003 0.00793481 3.05185e-005
0 0 0 -0.125034 1.00003 0.00793481 3.05185e-005
0 0 0 -0.125034 1.00003 0.00793481 3.05185e-005
0 0 0 -0.125034 1.00003 0.00793481 3.05185e-005
0 0 0 -0.125034 1.00003 0.00793481 3.05185e-005
0 0 0 -0.125034 1.00003 0.00793481 3.05185e-005
0 0 0 -0.125034 1.00003 0.00793481 3.05185e-005
0 0 0 -0.125034 1.00003 0.00793481 3.05185e-005
0 0 0 -0.125034 1.00003 0.00793481 3.05185e-005
0 0 0 -0.14066 1.00003 0.00793481 3.05185e-005
0 0 0 -0.14066 1.00003 0.00793481 3.05185e-005
0 0 0 -0.14066 1.00003 0.00793481 3.05185e-005
0 0 0 -0.14066 1.00003 0.00793481 3.05185e-005
0 0 0 -0.14066 1.00003 0.00793481 3.05185e-005
0 0 0 -0.14066 1.00003 0.00793481 3.05185e-005
0 0 0 -0.14066 1.00003 0.00793481 3.05185e-005
0 0 0 -0.14066 1.00003 0.00793481 3.05185e-005
0 0 0 -0.14066 1.00003 0.00793481 3.05185e-005
0 0 0 -0.14066 1.00003 0.00793481 3.05185e-005
0 0 0 -0.14066 0.929746 0.00793481 3.05185e-005
0 0 0 -0.14066 0.929746 0.00793481 3.05185e-005
0 0 0 -0.14066 0.929746 0.00793481 3.05185e-005
0 0 0 -0.14066 0.929746 0.00793481 3.05185e-005
0 0 0 -0.14066 0.929746 0.00793481 3.05185e-005
0 0 0 -0.14066 0.835994 0.00793481 3.05185e-005
0 0 0 -0.14066 0.835994 0.00793481 3.05185e-005
0 0 0 -0.14066 0.835994 0.00793481 3.05185e-005
0 0 0 -0.14066 0.835994 0.00793481 3.05185e-005
0 0 0 -0.14066 0.835994 0.00793481 3.05185e-005
0 0 0 -0.109409 0.789117 0.00793481 3.05185e-005
0 0 0 -0.109409 0.789117 0.00793481 3.05185e-005
0 0 0 -0.109409 0.789117 0.00793481 3.05185e-005
0 0 0 -0.109409 0.789117 0.00793481 3.05185e-005
0 0 0 -0.109409 0.789117 0.00793481 3.05185e-005
0 0 0 -0.109409 0.757866 0.00793481 3.05185e-005
0 0 0 -0.109409 0.757866 0.00793481 3.05185e-005
0 0 0 -0.109409 0.757866 0.00793481 3.05185e-005
0 0 0 -0.109409 0.757866 0.00793481 3.05185e-005
0 0 0 -0.109409 0.757866 0.00793481 3.05185e-005
0 0 0 -0.109409 0.664113 0.00793481 3.05185e-005
0 0 0 -0.109409 0.664113 0.00793481 3.05185e-005
0 0 0 -0.109409 0.664113 0.00793481 3.05185e-005
0 0 0 -0.109409 0.664113 0.00793481 3.05185e-005
0 0 0 -0.0937834 0.57036 0.00793481 3.05185e-005
0 0 0 -0.0703452 0.554735 0.00793481 3.05185e-005
0 0 0 -0.0703452 0.554735 0.00793481 3.05185e-005
0 0 0 -0.0234687 0.554735 0.00793481 3.05185e-005
0 0 0 -0.0234687 0.554735 0.00793481 3.05185e-005
0 0 0 -0.0234687 0.554735 0.00793481 3.05185e-005
0 0 0 -0.00784326 0.523484 0.00793481 3.05185e-005
0 0 0 -0.00784326 0.523484 0.00793481 3.05185e-005
0 0 0 -0.00784326 0.523484 0.00793481 3.05185e-005
0 0 0 -0.00784326 0.507859 0.00793481 3.05185e-005
0 0 0 -0.00784326 0.507859 0.00793481 3.05185e-005
0 0 0 -0.00784326 0.437544 0.00793481 3.05185e-005
0 0 0 -0.00784326 0.437544 0.00793481 3.05185e-005
0 0 0 -0.00784326 0.437544 0.00793481 3.05185e-005
0 0 0 -0.00784326 0.437544 0.00793481 3.05185e-005
0 0 0 -0.00784326 0.437544 0.00793481 3.05185e-005
0 0 0 -0.00784326 0.343791 0.00793481 3.05185e-005
0 0 0 -0.00784326 0.343791 0.00793481 3.05185e-005
0 0 0 -0.00784326 0.343791 0.00793481 3.05185e-005
0 0 0 -0.00784326 0.296915 0.00793481 3.05185e-005
0 0 0 -0.00784326 0.296915 0.00793481 3.05185e-005
0 0 0 -0.0390942 0.234413 0.00793481 3.05185e-005
0 0 0 -0.0390942 0.234413 0.00793481 3.05185e-005
0 0 0 -0.0390942 0.234413 0.00793481 3.05185e-005
0 0 0 -0.0390942 0.234413 0.00793481 3.05185e-005
0 0 0 -0.0390942 0.234413 0.00793481 3.05185e-005
0 0 0 -0.0937834 0.171911 0.00793481 3.05185e-005
0 0 0 -0.0937834 0.171911 0.00793481 3.05185e-005
0 0 0 -0.0937834 0.171911 0.00793481 3.05185e-005
0 0 0 -0.0937834 0.171911 0.00793481 3.05185e-005
0 0 0 -0.0937834 0.171911 0.00793481 3.05185e-005
0 0 0 -0.125034 0.0469069 0.00793481 3.05185e-005
0 0 0 -0.125034 0.0469069 0.00793481 3.05185e-005
0 0 0 -0.125034 0.0469069 0.00793481 3.05185e-005
0 0 0 -0.125034 0.0469069 0.00793481 3.05185e-005
0 0 0 -0.125034 0.0469069 0.00793481 3.05185e-005
0 0 0 -0.125034 3.05185e-005 0.00793481 3.05185e-005
0 0 0 -0.125034 3.05185e-005 0.00793481 3.05185e-005
0 0 0 -0.125034 3.05185e-005 0.00793481 3.05185e-005
0 0 0 -0.125034 3.05185e-005 0.00793481 3.05185e-005
0 0 0 -0.125034 3.05185e-005 0.00793481 3.05185e-005
0 0 0 -0.125034 -0.166662 0.00793481 3.05185e-005
0 0 0 -0.125034 -0.166662 0.00793481 3.05185e-005
0 0 0 -0.125034 -0.166662 0.00793481 3.05185e-005
0 0 0 -0.125034 -0.166662 0.00793481 3.05185e-005
0 0 0 -0.125034 -0.166662 0.00793481 3.05185e-005
0 0 0 -0.179724 -0.301584 0.00793481 3.05185e-005
0 0 0 -0.179724 -0.301584 0.00793481 3.05185e-005
0 0 0 -0.179724 -0.301584 0.00793481 3.05185e-005
0 0 0 -0.179724 -0.301584 0.00793481 3.05185e-005
0 0 0 -0.179724 -0.301584 0.00793481 3.05185e-005
0 0 0 -0.179724 -0.499985 0.00793481 3.05185e-005
0 0 0 -0.179724 -0.499985 0.00793481 3.05185e-005
0 0 0 -0.179724 -0.499985 0.00793481 3.05185e-005
0 0 0 -0.179724 -0.499985 0.00793481 3.05185e-005
0 0 0 -0.179724 -0.499985 0.00793481 3.05185e-005
0 0 0 -0.179724 -0.634907 0.00793481 3.05185e-005
0 0 0 -0.179724 -0.634907 0.00793481 3.05185e-005
0 0 0 -0.179724 -0.634907 0.00793481 3.05185e-005
0 0 0 -0.179724 -0.634907 0.00793481 3.05185e-005
0 0 0 -0.179724 -0.634907 0.00793481 3.05185e-005
0 0 0 -0.179724 -0.722221 0.00793481 3.05185e-005
0 0 0 -0.179724 -0.722221 0.00793481 3.05185e-005
0 0 0 -0.179724 -0.722221 0.00793481 3.05185e-005
0 0 0 -0.179724 -0.722221 0.00793481 3.05185e-005
0 0 0 -0.179724 -0.722221 0.00793481 3.05185e-005
0 0 0 -0.179724 -0.761895 0.00793481 3.05185e-005
0 0 0 -0.179724 -0.761895 0.00793481 3.05185e-005
0 0 0 -0.179724 -0.761895 0.00793481 3.05185e-005
0 0 0 -0.179724 -0.761895 0.00793481 3.05185e-005
0 0 0 -0.179724 -0.761895 0.00793481 3.05185e-005
0 0 0 -0.156285 -0.825373 0.00793481 3.05185e-005
0 0 0 -0.156285 -0.825373 0.00793481 3.05185e-005
0 0 0 -0.156285 -0.825373 0.00793481 3.05185e-005
0 0 0 -0.156285 -0.825373 0.00793481 3.05185e-005
0 0 0 -0.156285 -0.825373 0.00793481 3.05185e-005
0 0 0 -0.109409 -0.857143 0.00793481 3.05185e-005
0 0 0 -0.109409 -0.857143 0.00793481 3.05185e-005
0 0 0 -0.109409 -0.857143 0.00793481 3.05185e-005
0 0 0 -0.109409 -0.857143 0.00793481 3.05185e-005
0 0 0 -0.109409 -0.857143 0.00793481 3.05185e-005
0 0 0 -0.0234687 -0.896817 0.00793481 3.05185e-005
0 0 0 -0.0234687 -0.896817 0.00793481 3.05185e-005
0 0 0 -0.0234687 -0.896817 0.00793481 3.05185e-005
0 0 0 -0.0234687 -0.896817 0.00793481 3.05185e-005
0 0 0 -0.0234687 -0.896817 0.00793481 3.05185e-005
0 0 0 -0.0234687 -0.928556 0.00793481 3.05185e-005
0 0 0 -0.0234687 -0.928556 0.00793481 3.05185e-005
0 0 0 -0.0234687 -0.928556 0.00793481 3.05185e-005
0 0 0 -0.0234687 -0.928556 0.00793481 3.05185e-005
0 0 0 -0.0234687 -0.928556 0.00793481 3.05185e-005
0 0 0 -0.00784326 -0.976165 0.00793481 3.05185e-005
0 0 0 -0.00784326 -0.976165 0.00793481 3.05185e-005
0 0 0 -0.00784326 -0.976165 0.00793481 3.05185e-005
0 0 0 -0.00784326 -0.976165 0.00793481 3.05185e-005
0 0 0 -0.00784326 -0.976165 0.00793481 3.05185e-005
0 0 0 -0.00784326 -0.976165 0.00793481 3.05185e-005
0 0 0 -0.00784326 -0.976165 0.00793481 3.05185e-005
0 0 0 -0.00784326 -0.976165 0.00793481 3.05185e-005
0 0 0 -0.00784326 -0.976165 0.00793481 3.05185e-005
0 0 0 -0.00784326 -0.976165 0.00793481 3.05185e-005
0 0 0 -0.00784326 -0.976165 0.00793481 3.05185e-005
0 0 0 -0.00784326 -0.976165 0.00793481 3.05185e-005
0 0 0 -0.00784326 -0.976165 0.00793481 3.05185e-005
0 0 0 -0.00784326 -0.976165 0.00793481 3.05185e-005
0 0 0 -0.00784326 -0.976165 0.00793481 3.05185e-005
0 0 0 -0.00784326 -0.928556 0.00793481 3.05185e-005
0 0 0 -0.00784326 -0.928556 0.00793481 3.05185e-005
0 0 0 -0.00784326 -0.928556 0.00793481 3.05185e-005
0 0 0 -0.00784326 -0.928556 0.00793481 3.05185e-005
0 0 0 -0.00784326 -0.928556 0.00793481 3.05185e-005
0 0 0 -0.00784326 -0.896817 0.00793481 3.05185e-005
0 0 0 -0.00784326 -0.896817 0.00793481 3.05185e-005
0 0 0 -0.00784326 -0.896817 0.00793481 3.05185e-005
0 0 0 -0.00784326 -0.896817 0.00793481 3.05185e-005
0 0 0 -0.00784326 -0.880947 0.00793481 3.05185e-005
0 0 0 -0.00784326 -0.873012 0.00793481 3.05185e-005
0 0 0 -0.00784326 -0.873012 0.00793481 3.05185e-005
0 0 0 -0.00784326 -0.873012 0.00793481 3.05185e-005
0 0 0 -0.00784326 -0.873012 0.00793481 3.05185e-005
0 0 0 -0.00784326 -0.873012 0.00793481 3.05185e-005
0 0 0 -0.00784326 -0.793634 0.00793481 3.05185e-005
0 0 0 -0.00784326 -0.75396 0.00793481 3.05185e-005
0 0 0 -0.00784326 -0.75396 0.00793481 3.05185e-005
0 0 0 -0.00784326 -0.75396 0.00793481 3.05185e-005
0 0 0 -0.00784326 -0.75396 0.00793481 3.05185e-005
0 0 0 -0.00784326 -0.674581 0.00793481 3.05185e-005
0 0 0 -0.00784326 -0.674581 0.00793481 3.05185e-005
0 0 0 -0.00784326 -0.603168 0.00793481 3.05185e-005
0 0 0 -0.00784326 -0.603168 0.00793481 3.05185e-005
0 0 0 -0.00784326 -0.603168 0.00793481 3.05185e-005
0 0 0 -0.00784326 -0.452376 0.00793481 3.05185e-005
0 0 0 -0.00784326 -0.277749 0.00793481 3.05185e-005
0 0 0 -0.00784326 -0.277749 0.00793481 3.05185e-005
0 0 0 -0.00784326 -0.277749 0.00793481 3.05185e-005
0 0 0 -0.00784326 -0.277749 0.00793481 3.05185e-005
0 0 0 0 0.00784326 0.00793481 3.05185e-005
0 0 0 0 0.00784326 0.00793481 3.05185e-005
0 0 0 0 0.00784326 0.00793481 3.05185e-005
0 0 0 0 0.00784326 0.00793481 3.05185e-005
0 0 0 0 0.00784326 0.00793481 3.05185e-005
0 0 0 0 0.14066 0.00793481 3.05185e-005
0 0 0 0 0.14066 0.00793481 3.05185e-005
0 0 0 0 0.14066 0.00793481 3.05185e-005
0 0 0 0 0.14066 0.00793481 3.05185e-005
0 0 0 0 0.14066 0.00793481 3.05185e-005
0 0 0 0 0.265664 0.00793481 3.05185e-005
0 0 0 0 0.265664 0.00793481 3.05185e-005
0 0 0 0 0.265664 0.00793481 3.05185e-005
0 0 0 0 0.265664 0.00793481 3.05185e-005
0 0 0 0 0.265664 0.00793481 3.05185e-005
0 0 0 -0.0390942 0.390667 0.00793481 3.05185e-005
0 0 0 -0.0390942 0.390667 0.00793481 3.05185e-005
0 0 0 -0.0390942 0.390667 0.00793481 3.05185e-005
0 0 0 -0.0390942 0.390667 0.00793481 3.05185e-005
0 0 0 -0.0390942 0.390667 0.00793481 3.05185e-005
0 0 0 -0.0937834 0.601611 0.00793481 3.05185e-005
0 0 0 -0.0937834 0.601611 0.00793481 3.05185e-005
0 0 0 -0.0937834 0.601611 0.00793481 3.05185e-005
0 0 0 -0.0937834 0.601611 0.00793481 3.05185e-005
0 0 0 -0.0937834 0.601611 0.00793481 3.05185e-005
0 0 0 -0.0937834 0.820368 0.00793481 3.05185e-005
0 0 0 -0.0937834 0.820368 0.00793481 3.05185e-005
0 0 0 -0.0937834 0.820368 0.00793481 3.05185e-005
0 0 0 -0.0937834 0.820368 0.00793481 3.05185e-005
0 0 0 -0.0937834 0.820368 0.00793481 3.05185e-005
0 0 0 -0.0703452 0.976623 0.00793481 3.05185e-005
0 0 0 -0.0703452 0.976623 0.00793481 3.05185e-005
0 0 0 -0.0703452 0.976623 0.00793481 3.05185e-005
0 0 0 -0.0703452 0.976623 0.00793481 3.05185e-005
0 0 0 -0.0703452 0.976623 0.00793481 3.05185e-005
0 0 0 -0.0937834 1.00003 0.00793481 3.05185e-005
0 0 0 -0.0937834 1.00003 0.00793481 3.05185e-005
0 0 0 -0.0937834 1.00003 0.00793481 3.05185e-005
0 0 0 -0.0937834 1.00003 0.00793481 3.05185e-005
0 0 0 -0.0937834 1.00003 0.00793481 3.05185e-005
0 0 0 -0.0937834 1.00003 0.00793481 3.05185e-005
0 0 0 -0.0937834 1.00003 0.00793481 3.05185e-005
0 0 0 -0.0937834 1.00003 0.00793481 3.05185e-005
0 0 0 -0.0937834 1.00003 0.00793481 3.05185e-005
0 0 0 -0.0937834 1.00003 0.00793481 3.05185e-005
0 0 0 -0.0937834 1.00003 0.00793481 3.05185e-005
0 0 0 -0.0937834 1.00003 0.00793481 3.05185e-005
0 0 0 -0.0937834 1.00003 0.00793481 3.05185e-005
0 0 0 -0.0937834 1.00003 0.00793481 3.05185e-005
0 0 0 -0.0937834 1.00003 0.00793481 3.05185e-005
0 0 0 -0.0937834 1.00003 0.00793481 3.05185e-005
0 0 0 -0.0937834 1.00003 0.00793481 3.05185e-005
0 0 0 -0.0937834 1.00003 0.00793481 3.05185e-005
0 0 0 -0.0937834 1.00003 0.00793481 3.05185e-005
0 0 0 -0.0937834 1.00003 0.00793481 3.05185e-005
0 0 0 -0.109409 1.00003 0.00793481 3.05185e-005
0 0 0 -0.109409 1.00003 0.00793481 3.05185e-005
0 0 0 -0.109409 1.00003 0.00793481 3.05185e-005
0 0 0 -0.109409 1.00003 0.00793481 3.05185e-005
0 0 0 -0.109409 1.00003 0.00793481 3.05185e-005
0 0 0 -0.109409 1.00003 0.00793481 3.05185e-005
0 0 0 -0.109409 1.00003 0.00793481 3.05185e-005
0 0 0 -0.109409 1.00003 0.00793481 3.05185e-005
0 0 0 -0.109409 1.00003 0.00793481 3.05185e-005
0 0 0 -0.109409 1.00003 0.00793481 3.05185e-005
0 0 0 -0.109409 1.00003 0.00793481 3.05185e-005
0 0 0 -0.109409 1.00003 0.00793481 3.05185e-005
0 0 0 -0.109409 1.00003 0.00793481 3.05185e-005
0 0 0 -0.109409 1.00003 0.00793481 3.05185e-005
0 0 0 -0.109409 1.00003 0.00793481 3.05185e-005
0 0 0 -0.0937834 1.00003 0.00793481 3.05185e-005
0 0 0 -0.0937834 1.00003 0.00793481 3.05185e-005
0 0 0 -0.0937834 1.00003 0.00793481 3.05185e-005
0 0 0 -0.0937834 1.00003 0.00793481 3.05185e-005
0 0 0 -0.0937834 1.00003 0.00793481 3.05185e-005
0 0 0 -0.0937834 1.00003 0.00793481 3.05185e-005
0 0 0 -0.0937834 1.00003 0.00793481 3.05185e-005
0 0 0 -0.0937834 1.00003 0.00793481 3.05185e-005
0 0 0 -0.0937834 1.00003 0.00793481 3.05185e-005
0 0 0 -0.0937834 1.00003 0.00793481 3.05185e-005
0 0 0 -0.0703452 1.00003 0.00793481 3.05185e-005
0 0 0 -0.0703452 1.00003 0.00793481 3.05185e-005
0 0 0 -0.0703452 1.00003 0.00793481 3.05185e-005
0 0 0 -0.0703452 1.00003 0.00793481 3.05185e-005
0 0 0 -0.0703452 1.00003 0.00793481 3.05185e-005
0 0 0 -0.0703452 1.00003 0.00793481 3.05185e-005
0 0 0 -0.0703452 1.00003 0.00793481 3.05185e-005
0 0 0 -0.0703452 1.00003 0.00793481 3.05185e-005
0 0 0 -0.0703452 1.00003 0.00793481 3.05185e-005
0 0 0 -0.0703452 1.00003 0.00793481 3.05185e-005
0 0 0 -0.0703452 1.00003 0.00793481 3.05185e-005
0 0 0 -0.0703452 1.00003 0.00793481 3.05185e-005
0 0 0 -0.0703452 1.00003 0.00793481 3.05185e-005
0 0 0 -0.0703452 1.00003 0.00793481 3.05185e-005
0 0 0 -0.0547197 1.00003 0.00793481 3.05185e-005
0 0 0 -0.0547197 1.00003 0.00793481 3.05185e-005
0 0 0 -0.0547197 1.00003 0.00793481 3.05185e-005
0 0 0 -0.0547197 1.00003 0.00793481 3.05185e-005
0 0 0 -0.0547197 1.00003 0.00793481 3.05185e-005
0 0 0 -0.0547197 1.00003 0.00793481 3.05185e-005
0 0 0 -0.0547197 1.00003 0.00793481 3.05185e-005
0 0 0 -0.0547197 1.00003 0.00793481 3.05185e-005
0 0 0 -0.0547197 1.00003 0.00793481 3.05185e-005
0 0 0 -0.0547197 1.00003 0.00793481 3.05185e-005
0 0 0 -0.0547197 1.00003 0.00793481 3.05185e-005
0 0 0 -0.0390942 1.00003 0.00793481 3.05185e-005
0 0 0 -0.0390942 1.00003 0.00793481 3.05185e-005
0 0 0 -0.0390942 1.00003 0.00793481 3.05185e-005
0 0 0 -0.0390942 1.00003 0.00793481 3.05185e-005
0 0 0 -0.0390942 1.00003 0.00793481 3.05185e-005
0 0 0 -0.0390942 1.00003 0.00793481 3.05185e-005
0 0 0 -0.0390942 1.00003 0.00793481 3.05185e-005
0 0 0 -0.0390942 1.00003 0.00793481 3.05185e-005
0 0 0 -0.0390942 1.00003 0.00793481 3.05185e-005
0 0 0 -0.0390942 1.00003 0.00793481 3.05185e-005
0 0 0 -0.0390942 1.00003 0.00793481 3.05185e-005
0 0 0 -0.0390942 1.00003 0.00793481 3.05185e-005
0 0 0 -0.0390942 1.00003 0.00793481 3.05185e-005
0 0 0 -0.0390942 1.00003 0.00793481 3.05185e-005
0 0 0 -0.0390942 1.00003 0.00793481 3.05185e-005
0 0 0 -0.0390942 1.00003 0.00793481 3.05185e-005
0 0 0 -0.0390942 1.00003 0.00793481 3.05185e-005
0 0 0 -0.0390942 1.00003 0.00793481 3.05185e-005
0 0 0 -0.0390942 1.00003 0.00793481 3.05185e-005
0 0 0 -0.0390942 1.00003 0.00793481 3.05185e-005
0 0 0 -0.0390942 1.00003 0.00793481 3.05185e-005
0 0 0 -0.0390942 1.00003 0.00793481 3.05185e-005
0 0 0 -0.0390942 1.00003 0.00793481 3.05185e-005
0 0 0 -0.0390942 1.00003 0.00793481 3.05185e-005
0 0 0 -0.0390942 1.00003 0.00793481 3.05185e-005
0 0 0 -0.0390942 1.00003 0.00793481 3.05185e-005
0 0 0 -0.0390942 1.00003 0.00793481 3.05185e-005
0 0 0 -0.0390942 1.00003 0.00793481 3.05185e-005
0 0 0 -0.0390942 1.00003 0.00793481 3.05185e-005
0 0 0 -0.0390942 1.00003 0.00793481 3.05185e-005
0 0 0 -0.0234687 1.00003 0.00793481 3.05185e-005
0 0 0 -0.0234687 1.00003 0.00793481 3.05185e-005
0 0 0 -0.0234687 1.00003 0.00793481 3.05185e-005
0 0 0 -0.0234687 1.00003 0.00793481 3.05185e-005
0 0 0 -0.0234687 1.00003 0.00793481 3.05185e-005
0 0 0 -0.00784326 1.00003 0.00793481 3.05185e-005
0 0 0 -0.00784326 1.00003 0.00793481 3.05185e-005
0 0 0 -0.00784326 1.00003 0.00793481 3.05185e-005
0 0 0 -0.00784326 1.00003 0.00793481 3.05185e-005
0 0 0 -0.00784326 1.00003 0.00793481 3.05185e-005
0 0 0 -0.00784326 0.976623 0.00793481 3.05185e-005
0 0 0 -0.00784326 0.976623 0.00793481 3.05185e-005
0 0 0 -0.00784326 0.976623 0.00793481 3.05185e-005
0 0 0 -0.00784326 0.976623 0.00793481 3.05185e-005
0 0 0 -0.00784326 0.976623 0.00793481 3.05185e-005
0 0 0 -0.00784326 0.88287 0.00793481 3.05185e-005
0 0 0 -0.00784326 0.88287 0.00793481 3.05185e-005
0 0 0 -0.00784326 0.88287 0.00793481 3.05185e-005
0 0 0 -0.00784326 0.88287 0.00793481 3.05185e-005
0 0 0 -0.00784326 0.88287 0.00793481 3.05185e-005
0 0 0 0 0.726615 0.00793481 3.05185e-005
0 0 0 0 0.726615 0.00793481 3.05185e-005
0 0 0 0 0.726615 0.00793481 3.05185e-005
0 0 0 0 0.726615 0.00793481 3.05185e-005
0 0 0 0 0.726615 0.00793481 3.05185e-005
0 0 0 0 0.453169 0.00793481 3.05185e-005
0 0 0 0 0.453169 0.00793481 3.05185e-005
0 0 0 0 0.453169 0.00793481 3.05185e-005
0 0 0 0 0.453169 0.00793481 3.05185e-005
0 0 0 0 0.453169 0.00793481 3.05185e-005
0 0 0 0 0.203162 0.00793481 3.05185e-005
0 0 0 0 0.203162 0.00793481 3.05185e-005
0 0 0 0 0.203162 0.00793481 3.05185e-005
0 0 0 0 0.203162 0.00793481 3.05185e-005
0 0 0 0 0.203162 0.00793481 3.05185e-005
0 0 0 0.0396741 0.0312815 0.00793481 3.05185e-005
0 0 0 0.0396741 0.0312815 0.00793481 3.05185e-005
0 0 0 0.0396741 0.0312815 0.00793481 3.05185e-005
0 0 0 0.0396741 0.0312815 0.00793481 3.05185e-005
0 0 0 0.0396741 0.0312815 0.00793481 3.05185e-005
0 0 0 0.0158696 3.05185e-005 0.00793481 3.05185e-005
0 0 0 0.0158696 3.05185e-005 0.00793481 3.05185e-005
0 0 0 0.0158696 3.05185e-005 0.00793481 3.05185e-005
0 0 0 0.0158696 3.05185e-005 0.00793481 3.05185e-005
0 0 0 0.0158696 3.05185e-005 0.00793481 3.05185e-005
0 0 0 0 -0.0476089 0.00793481 3.05185e-005
0 0 0 0 -0.0476089 0.00793481 3.05185e-005
0 0 0 0 -0.0476089 0.00793481 3.05185e-005
0 0 0 0 -0.0476089 0.00793481 3.05185e-005
0 0 0 0 -0.0476089 0.00793481 3.05185e-005
0 0 0 0.0396741 -0.198401 0.00793481 3.05185e-005
0 0 0 0.0396741 -0.198401 0.00793481 3.05185e-005
0 0 0 0.0396741 -0.198401 0.00793481 3.05185e-005
0 0 0 0.0396741 -0.198401 0.00793481 3.05185e-005
0 0 0 0.0396741 -0.198401 0.00793481 3.05185e-005
0 0 0 0.0396741 -0.349193 0.00793481 3.05185e-005
0 0 0 0.0396741 -0.349193 0.00793481 3.05185e-005
0 0 0 0.0396741 -0.349193 0.00793481 3.05185e-005
0 0 0 0.0396741 -0.349193 0.00793481 3.05185e-005
0 0 0 0.0396741 -0.349193 0.00793481 3.05185e-005
0 0 0 0.0396741 -0.484115 0.00793481 3.05185e-005
0 0 0 0.0396741 -0.484115 0.00793481 3.05185e-005
0 0 0 0.0396741 -0.484115 0.00793481 3.05185e-005
0 0 0 0.0396741 -0.484115 0.00793481 3.05185e-005
0 0 0 0.0396741 -0.484115 0.00793481 3.05185e-005
0 0 0 0.0476089 -0.587298 0.00793481 3.05185e-005
0 0 0 0.0476089 -0.587298 0.00793481 3.05185e-005
0 0 0 0.0476089 -0.587298 0.00793481 3.05185e-005
0 0 0 0.0476089 -0.587298 0.00793481 3.05185e-005
0 0 0 0.0476089 -0.587298 0.00793481 3.05185e-005
0 0 0 0.0476089 -0.690451 0.00793481 3.05185e-005
0 0 0 0.0476089 -0.690451 0.00793481 3.05185e-005
0 0 0 0.0476089 -0.690451 0.00793481 3.05185e-005
0 0 0 0.0476089 -0.690451 0.00793481 3.05185e-005
0 0 0 0.0476089 -0.73809 0.00793481 3.05185e-005
0 0 0 0.0476089 -0.761895 0.00793481 3.05185e-005
0 0 0 0.0476089 -0.761895 0.00793481 3.05185e-005
0 0 0 0.0476089 -0.761895 0.00793481 3.05185e-005
0 0 0 0.0476089 -0.761895 0.00793481 3.05185e-005
0 0 0 0.0476089 -0.761895 0.00793481 3.05185e-005
0 0 0 0.0476089 -0.809503 0.00793481 3.05185e-005
0 0 0 0.0476089 -0.809503 0.00793481 3.05185e-005
0 0 0 0.0476089 -0.809503 0.00793481 3.05185e-005
0 0 0 0.0476089 -0.825373 0.00793481 3.05185e-005
0 0 0 0.0476089 -0.825373 0.00793481 3.05185e-005
0 0 0 0.0396741 -0.841243 0.00793481 3.05185e-005
0 0 0 0.0396741 -0.841243 0.00793481 3.05185e-005
0 0 0 0.0396741 -0.841243 0.00793481 3.05185e-005
0 0 0 0.0396741 -0.841243 0.00793481 3.05185e-005
0 0 0 0.0238044 -0.841243 0.00793481 3.05185e-005
0 0 0 0.0238044 -0.857143 0.00793481 3.05185e-005
0 0 0 0.0238044 -0.857143 0.00793481 3.05185e-005
0 0 0 0.0238044 -0.857143 0.00793481 3.05185e-005
0 0 0 0.0238044 -0.873012 0.00793481 3.05185e-005
0 0 0 0.0238044 -0.873012 0.00793481 3.05185e-005
0 0 0 0.0158696 -0.880947 0.00793481 3.05185e-005
0 0 0 0.0158696 -0.896817 0.00793481 3.05185e-005
0 0 0 0.0158696 -0.896817 0.00793481 3.05185e-005
0 0 0 0.0158696 -0.896817 0.00793481 3.05185e-005
0 0 0 0.0158696 -0.896817 0.00793481 3.05185e-005
0 0 0 0.0158696 -0.928556 0.00793481 3.05185e-005
0 0 0 0.0158696 -0.928556 0.00793481 3.05185e-005
0 0 0 0.0158696 -0.928556 0.00793481 3.05185e-005
0 0 0 0.0158696 -0.928556 0.00793481 3.05185e-005
0 0 0 0.0158696 -0.928556 0.00793481 3.05185e-005
0 0 0 0.00793481 -0.928556 0.00793481 3.05185e-005
0 0 0 0.00793481 -0.960295 0.00793481 3.05185e-005
0 0 0 0.00793481 -0.960295 0.00793481 3.05185e-005
0 0 0 0.00793481 -0.960295 0.00793481 3.05185e-005
0 0 0 0.00793481 -0.960295 0.00793481 3.05185e-005
0 0 0 0.00793481 -0.960295 0.00793481 3.05185e-005
0 0 0 0.00793481 -0.960295 0.00793481 3.05185e-005
0 0 0 0.00793481 -0.960295 0.00793481 3.05185e-005
0 0 0 0.00793481 -0.960295 0.00793481 3.05185e-005
0 0 0 0.00793481 -0.960295 0.00793481 3.05185e-005
0 0 0 0.00793481 -0.960295 0.00793481 3.05185e-005
0 0 0 0.00793481 -0.960295 0.00793481 3.05185e-005
0 0 0 0.00793481 -0.960295 0.00793481 3.05185e-005
0 0 0 0.00793481 -0.960295 0.00793481 3.05185e-005
0 0 0 0.00793481 -0.960295 0.00793481 3.05185e-005
0 0 0 0.00793481 -0.928556 0.00793481 3.05185e-005
0 0 0 0.00793481 -0.928556 0.00793481 3.05185e-005
0 0 0 0.00793481 -0.928556 0.00793481 3.05185e-005
0 0 0 0.00793481 -0.928556 0.00793481 3.05185e-005
0 0 0 0.00793481 -0.928556 0.00793481 3.05185e-005
0 0 0 0.00793481 -0.912687 0.00793481 3.05185e-005
0 0 0 0.00793481 -0.912687 0.00793481 3.05185e-005
0 0 0 0.00793481 -0.912687 0.00793481 3.05185e-005
0 0 0 0.00793481 -0.912687 0.00793481 3.05185e-005
0 0 0 0.00793481 -0.912687 0.00793481 3.05185e-005
0 0 0 0 -0.896817 0.00793481 3.05185e-005
0 0 0 0 -0.896817 0.00793481 3.05185e-005
0 0 0 0 -0.896817 0.00793481 3.05185e-005
0 0 0 0 -0.896817 0.00793481 3.05185e-005
0 0 0 0 -0.896817 0.00793481 3.05185e-005
0 0 0 0 -0.880947 0.00793481 3.05185e-005
0 0 0 0 -0.880947 0.00793481 3.05185e-005
0 0 0 0 -0.880947 0.00793481 3.05185e-005
0 0 0 0 -0.880947 0.00793481 3.05185e-005
0 0 0 0 -0.880947 0.00793481 3.05185e-005
0 0 0 0 -0.873012 0.00793481 3.05185e-005
0 0 0 0 -0.873012 0.00793481 3.05185e-005
0 0 0 0 -0.873012 0.00793481 3.05185e-005
0 0 0 0 -0.873012 0.00793481 3.05185e-005
0 0 0 0 -0.873012 0.00793481 3.05185e-005
0 0 0 0 -0.841243 0.00793481 3.05185e-005
0 0 0 0 -0.841243 0.00793481 3.05185e-005
0 0 0 0 -0.841243 0.00793481 3.05185e-005
0 0 0 0 -0.841243 0.00793481 3.05185e-005
0 0 0 0 -0.841243 0.00793481 3.05185e-005
0 0 0 0 -0.761895 0.00793481 3.05185e-005
0 0 0 0 -0.761895 0.00793481 3.05185e-005
0 0 0 0 -0.761895 0.00793481 3.05185e-005
0 0 0 0 -0.761895 0.00793481 3.05185e-005
0 0 0 0 -0.761895 0.00793481 3.05185e-005
0 0 0 0 -0.658711 0.00793481 3.05185e-005
0 0 0 0 -0.658711 0.00793481 3.05185e-005
0 0 0 0 -0.658711 0.00793481 3.05185e-005
0 0 0 0 -0.658711 0.00793481 3.05185e-005
0 0 0 0 -0.658711 0.00793481 3.05185e-005
0 0 0 0 -0.499985 0.00793481 3.05185e-005
0 0 0 0 -0.499985 0.00793481 3.05185e-005
0 0 0 0 -0.499985 0.00793481 3.05185e-005
0 0 0 0 -0.499985 0.00793481 3.05185e-005
0 0 0 0 -0.499985 0.00793481 3.05185e-005
0 0 0 0 -0.380932 0.00793481 3.05185e-005
0 0 0 0 -0.380932 0.00793481 3.05185e-005
0 0 0 0 -0.380932 0.00793481 3.05185e-005
0 0 0 0 -0.380932 0.00793481 3.05185e-005
0 0 0 0 -0.380932 0.00793481 3.05185e-005
0 0 0 0 -0.21427 0.00793481 3.05185e-005
0 0 0 0 -0.21427 0.00793481 3.05185e-005
0 0 0 0 -0.21427 0.00793481 3.05185e-005
0 0 0 0 -0.21427 0.00793481 3.05185e-005
0 0 0 0 -0.21427 0.00793481 3.05185e-005
0 0 0 0 -0.00793481 0.00793481 3.05185e-005
0 0 0 0 -0.00793481 0.00793481 3.05185e-005
0 0 0 0 -0.00793481 0.00793481 3.05185e-005
0 0 0 0 -0.00793481 0.00793481 3.05185e-005
0 0 0 0 -0.00793481 0.00793481 3.05185e-005
0 0 0 0 0.00784326 0.00793481 3.05185e-005
0 0 0 0 0.00784326 0.00793481 3.05185e-005
0 0 0 0 0.00784326 0.00793481 3.05185e-005
0 0 0 0 0.00784326 0.00793481 3.05185e-005
0 0 0 0 0.00784326 0.00793481 3.05185e-005
0 0 0 0 0.015656 0.00793481 3.05185e-005
0 0 0 0 0.015656 0.00793481 3.05185e-005
0 0 0 0 0.015656 0.00793481 3.05185e-005
0 0 0 0 0.015656 0.00793481 3.05185e-005
0 0 0 0 0.015656 0.00793481 3.05185e-005
0 0 0 0 0.0781579 0.00793481 3.05185e-005
0 0 0 0 0.0781579 0.00793481 3.05185e-005
0 0 0 0 0.0781579 0.00793481 3.05185e-005
0 0 0 0 0.0781579 0.00793481 3.05185e-005
0 0 0 0 0.0781579 0.00793481 3.05185e-005
0 0 0 0 0.14066 0.00793481 3.05185e-005
0 0 0 0 0.14066 0.00793481 3.05185e-005
0 0 0 0 0.14066 0.00793481 3.05185e-005
0 0 0 0 0.14066 0.00793481 3.05185e-005
0 0 0 0 0.14066 0.00793481 3.05185e-005
0 0 0 -0.00784326 0.187536 0.00793481 3.05185e-005
0 0 0 -0.00784326 0.187536 0.00793481 3.05185e-005
0 0 0 -0.00784326 0.187536 0.00793481 3.05185e-005
0 0 0 -0.00784326 0.187536 0.00793481 3.05185e-005
0 0 0 -0.00784326 0.218787 0.00793481 3.05185e-005
0 0 0 -0.00784326 0.250038 0.00793481 3.05185e-005
0 0 0 -0.00784326 0.250038 0.00793481 3.05185e-005
0 0 0 -0.00784326 0.250038 0.00793481 3.05185e-005
0 0 0 -0.00784326 0.250038 0.00793481 3.05185e-005
0 0 0 -0.00784326 0.250038 0.00793481 3.05185e-005
0 0 0 -0.00784326 0.359416 0.00793481 3.05185e-005
0 0 0 -0.00784326 0.406293 0.00793481 3.05185e-005
0 0 0 -0.00784326 0.406293 0.00793481 3.05185e-005
0 0 0 -0.00784326 0.406293 0.00793481 3.05185e-005
0 0 0 -0.00784326 0.406293 0.00793481 3.05185e-005
0 0 0 -0.0234687 0.507859 0.00793481 3.05185e-005
0 0 0 -0.0234687 0.507859 0.00793481 3.05185e-005
0 0 0 -0.0234687 0.601611 0.00793481 3.05185e-005
0 0 0 -0.0234687 0.601611 0.00793481 3.05185e-005
0 0 0 -0.0234687 0.601611 0.00793481 3.05185e-005
0 0 0 -0.0390942 0.695364 0.00793481 3.05185e-005
0 0 0 -0.0390942 0.789117 0.00793481 3.05185e-005
0 0 0 -0.0390942 0.789117 0.00793481 3.05185e-005
0 0 0 -0.0390942 0.789117 0.00793481 3.05185e-005
0 0 0 -0.0390942 0.789117 0.00793481 3.05185e-005
0 0 0 -0.0390942 0.914121 0.00793481 3.05185e-005
0 0 0 -0.0390942 0.914121 0.00793481 3.05185e-005
0 0 0 -0.0390942 0.914121 0.00793481 3.05185e-005
0 0 0 -0.0390942 0.914121 0.00793481 3.05185e-005
0 0 0 -0.0390942 0.914121 0.00793481 3.05185e-005
0 0 0 -0.0390942 1.00003 0.00793481 3.05185e-005
0 0 0 -0.0390942 1.00003 0.00793481 3.05185e-005
0 0 0 -0.0390942 1.00003 0.00793481 3.05185e-005
0 0 0 -0.0390942 1.00003 0.00793481 3.05185e-005
0 0 0 -0.0390942 1.00003 0.00793481 3.05185e-005
0 0 0 -0.0390942 1.00003 0.00793481 3.05185e-005
0 0 0 -0.0390942 1.00003 0.00793481 3.05185e-005
0 0 0 -0.0390942 1.00003 0.00793481 3.05185e-005
0 0 0 -0.0390942 1.00003 0.00793481 3.05185e-005
0 0 0 -0.0390942 1.00003 0.00793481 3.05185e-005
0 0 0 -0.0390942 1.00003 0.00793481 3.05185e-005
0 0 0 -0.0390942 1.00003 0.00793481 3.05185e-005
0 0 0 -0.0390942 1.00003 0.00793481 3.05185e-005
0 0 0 -0.0390942 1.00003 0.00793481 3.05185e-005
0 0 0 -0.0390942 1.00003 0.00793481 3.05185e-005
0 0 0 -0.00784326 1.00003 0.00793481 3.05185e-005
0 0 0 -0.00784326 1.00003 0.00793481 3.05185e-005
0 0 0 -0.00784326 1.00003 0.00793481 3.05185e-005
0 0 0 -0.00784326 1.00003 0.00793481 3.05185e-005
0 0 0 -0.00784326 1.00003 0.00793481 3.05185e-005
0 0 0 -0.00784326 1.00003 0.00793481 3.05185e-005
0 0 0 -0.00784326 1.00003 0.00793481 3.05185e-005
0 0 0 -0.00784326 1.00003 0.00793481 3.05185e-005
0 0 0 -0.00784326 1.00003 0.00793481 3.05185e-005
0 0 0 -0.00784326 1.00003 0.00793481 3.05185e-005
0 0 0 -0.00784326 1.00003 0.00793481 3.05185e-005
0 0 0 -0.00784326 1.00003 0.00793481 3.05185e-005
0 0 0 -0.00784326 1.00003 0.00793481 3.05185e-005
0 0 0 -0.00784326 1.00003 0.00793481 3.05185e-005
0 0 0 -0.00784326 1.00003 0.00793481 3.05185e-005
0 0 0 -0.00784326 1.00003 0.00793481 3.05185e-005
0 0 0 -0.00784326 1.00003 0.00793481 3.05185e-005
0 0 0 -0.00784326 1.00003 0.00793481 3.05185e-005
0 0 0 -0.00784326 1.00003 0.00793481 3.05185e-005
0 0 0 -0.00784326 1.00003 0.00793481 3.05185e-005
0 0 0 -0.00784326 1.00003 0.00793481 3.05185e-005
0 0 0 -0.00784326 1.00003 0.00793481 3.05185e-005
0 0 0 -0.00784326 1.00003 0.00793481 3.05185e-005
0 0 0 -0.00784326 1.00003 0.00793481 3.05185e-005
0 0 0 -0.00784326 1.00003 0.00793481 3.05185e-005
0 0 0 -0.00784326 1.00003 0.00793481 3.05185e-005
0 0 0 -0.00784326 1.00003 0.00793481 3.05185e-005
0 0 0 -0.00784326 1.00003 0.00793481 3.05185e-005
0 0 0 -0.00784326 1.00003 0.00793481 3.05185e-005
0 0 0 -0.00784326 1.00003 0.00793481 3.05185e-005
0 0 0 -0.00784326 1.00003 0.00793481 3.05185e-005
0 0 0 -0.00784326 1.00003 0.00793481 3.05185e-005
0 0 0 -0.00784326 1.00003 0.00793481 3.05185e-005
0 0 0 -0.00784326 1.00003 0.00793481 3.05185e-005
0 0 0 -0.00784326 1.00003 0.00793481 3.05185e-005
0 0 0 -0.00784326 1.00003 0.00793481 3.05185e-005
0 0 0 -0.00784326 1.00003 0.00793481 3.05185e-005
0 0 0 -0.00784326 1.00003 0.00793481 3.05185e-005
0 0 0 -0.00784326 1.00003 0.00793481 3.05185e-005
0 0 0 -0.00784326 1.00003 0.00793481 3.05185e-005
0 0 0 -0.00784326 1.00003 0.00793481 3.05185e-005
0 0 0 -0.00784326 1.00003 0.00793481 3.05185e-005
0 0 0 -0.00784326 1.00003 0.00793481 3.05185e-005
0 0 0 -0.00784326 1.00003 0.00793481 3.05185e-005
0 0 0 -0.00784326 1.00003 0.00793481 3.05185e-005
0 0 0 0 1.00003 0.00793481 3.05185e-005
0 0 0 0 1.00003 0.00793481 3.05185e-005
0 0 0 0 1.00003 0.00793481 3.05185e-005
0 0 0 0 1.00003 0.00793481 3.05185e-005
0 0 0 0 1.00003 0.00793481 3.05185e-005
0 0 0 0 1.00003 0.00793481 3.05185e-005
0 0 0 0 1.00003 0.00793481 3.05185e-005
0 0 0 0 1.00003 0.00793481 3.05185e-005
0 0 0 0 1.00003 0.00793481 3.05185e-005
0 0 0 0 1.00003 0.00793481 3.05185e-005
0 0 0 0 1.00003 0.00793481 3.05185e-005
0 0 0 0 1.00003 0.00793481 3.05185e-005
0 0 0 0 1.00003 0.00793481 3.05185e-005
0 0 0 0 1.00003 0.00793481 3.05185e-005
0 0 0 0 1.00003 0.00793481 3.05185e-005
0 0 0 0 0.960997 0.00793481 3.05185e-005
0 0 0 0 0.960997 0.00793481 3.05185e-005
0 0 0 0 0.960997 0.00793481 3.05185e-005
0 0 0 0 0.960997 0.00793481 3.05185e-005
0 0 0 0 0.960997 0.00793481 3.05185e-005
0 0 0 0 0.851619 0.00793481 3.05185e-005
0 0 0 0 0.851619 0.00793481 3.05185e-005
0 0 0 0 0.851619 0.00793481 3.05185e-005
0 0 0 0 0.851619 0.00793481 3.05185e-005
0 0 0 0 0.851619 0.00793481 3.05185e-005
0 0 0 0 0.742241 0.00793481 3.05185e-005
0 0 0 0 0.742241 0.00793481 3.05185e-005
0 0 0 0 0.742241 0.00793481 3.05185e-005
0 0 0 0 0.742241 0.00793481 3.05185e-005
0 0 0 0 0.71099 0.00793481 3.05185e-005
0 0 0 0 0.57036 0.00793481 3.05185e-005
0 0 0 0 0.57036 0.00793481 3.05185e-005
0 0 0 0 0.57036 0.00793481 3.05185e-005
0 0 0 0 0.57036 0.00793481 3.05185e-005
0 0 0 0 0.57036 0.00793481 3.05185e-005
0 0 0 0 0.468795 0.00793481 3.05185e-005
0 0 0 0 0.468795 0.00793481 3.05185e-005
0 0 0 0 0.359416 0.00793481 3.05185e-005
0 0 0 0 0.359416 0.00793481 3.05185e-005
0 0 0 0 0.359416 0.00793481 3.05185e-005
0 0 0 0 0.296915 0.00793481 3.05185e-005
0 0 0 0 0.296915 0.00793481 3.05185e-005
0 0 0 0 0.296915 0.00793481 3.05185e-005
0 0 0 0 0.296915 0.00793481 3.05185e-005
0 0 0 0 0.296915 0.00793481 3.05185e-005
0 0 0 0.00793481 0.171911 0.00793481 3.05185e-005
0 0 0 0.00793481 0.0937834 0.00793481 3.05185e-005
0 0 0 0.00793481 0.0937834 0.00793481 3.05185e-005
0 0 0 0.00793481 0.0937834 0.00793481 3.05185e-005
0 0 0 0.00793481 0.0937834 0.00793481 3.05185e-005
0 0 0 0.0238044 0.0625324 0.00793481 3.05185e-005
0 0 0 0.0238044 0.0625324 0.00793481 3.05185e-005
0 0 0 0.0396741 0.00784326 0.00793481 3.05185e-005
0 0 0 0.0396741 0.00784326 0.00793481 3.05185e-005
0 0 0 0.0396741 0.00784326 0.00793481 3.05185e-005
0 0 0 0 -0.00793481 0.00793481 3.05185e-005
0 0 0 0 -0.00793481 0.00793481 3.05185e-005
0 0 0 0 -0.00793481 0.00793481 3.05185e-005
0 0 0 0 -0.00793481 0.00793481 3.05185e-005
0 0 0 0 -0.00793481 0.00793481 3.05185e-005
0 0 0 -0.00784326 -0.0476089 0.00793481 3.05185e-005
0 0 0 -0.00784326 -0.0476089 0.00793481 3.05185e-005
0 0 0 -0.00784326 -0.0476089 0.00793481 3.05185e-005
0 0 0 -0.00784326 -0.0476089 0.00793481 3.05185e-005
0 0 0 -0.00784326 -0.0476089 0.00793481 3.05185e-005
0 0 0 -0.00784326 -0.158727 0.00793481 3.05185e-005
0 0 0 -0.00784326 -0.158727 0.00793481 3.05185e-005
0 0 0 -0.00784326 -0.158727 0.00793481 3.05185e-005
0 0 0 -0.00784326 -0.158727 0.00793481 3.05185e-005
0 0 0 -0.00784326 -0.158727 0.00793481 3.05185e-005
0 0 0 -0.00784326 -0.24601 0.00793481 3.05185e-005
0 0 0 -0.00784326 -0.24601 0.00793481 3.05185e-005
0 0 0 -0.00784326 -0.24601 0.00793481 3.05185e-005
0 0 0 -0.00784326 -0.24601 0.00793481 3.05185e-005
0 0 0 -0.00784326 -0.24601 0.00793481 3.05185e-005
0 0 0 -0.00784326 -0.333323 0.00793481 3.05185e-005
0 0 0 -0.00784326 -0.333323 0.00793481 3.05185e-005
0 0 0 -0.00784326 -0.333323 0.00793481 3.05185e-005
0 0 0 -0.00784326 -0.333323 0.00793481 3.05185e-005
0 0 0 -0.00784326 -0.333323 0.00793481 3.05185e-005
0 0 0 -0.00784326 -0.396802 0.00793481 3.05185e-005
0 0 0 -0.00784326 -0.396802 0.00793481 3.05185e-005
0 0 0 -0.00784326 -0.396802 0.00793481 3.05185e-005
0 0 0 -0.00784326 -0.396802 0.00793481 3.05185e-005
0 0 0 -0.00784326 -0.396802 0.00793481 3.05185e-005
0 0 0 -0.00784326 -0.436506 0.00793481 3.05185e-005
0 0 0 -0.00784326 -0.436506 0.00793481 3.05185e-005
0 0 0 -0.00784326 -0.436506 0.00793481 3.05185e-005
0 0 0 -0.00784326 -0.436506 0.00793481 3.05185e-005
0 0 0 -0.00784326 -0.436506 0.00793481 3.05185e-005
0 0 0 -0.00784326 -0.436506 0.00793481 3.05185e-005
0 0 0 -0.00784326 -0.436506 0.00793481 3.05185e-005
0 0 0 -0.00784326 -0.436506 0.00793481 3.05185e-005
0 0 0 -0.00784326 -0.436506 0.00793481 3.05185e-005
0 0 0 -0.00784326 -0.436506 0.00793481 3.05185e-005
0 0 0 -0.00784326 -0.436506 0.00793481 3.05185e-005
0 0 0 -0.00784326 -0.436506 0.00793481 3.05185e-005
0 0 0 -0.00784326 -0.436506 0.00793481 3.05185e-005
0 0 0 -0.00784326 -0.436506 0.00793481 3.05185e-005
0 0 0 -0.00784326 -0.436506 0.00793481 3.05185e-005
0 0 0 -0.00784326 -0.468245 0.00793481 3.05185e-005
0 0 0 -0.00784326 -0.468245 0.00793481 3.05185e-005
0 0 0 -0.00784326 -0.468245 0.00793481 3.05185e-005
0 0 0 -0.00784326 -0.468245 0.00793481 3.05185e-005
0 0 0 -0.00784326 -0.468245 0.00793481 3.05185e-005
0 0 0 -0.00784326 -0.515854 0.00793481 3.05185e-005
0 0 0 -0.00784326 -0.515854 0.00793481 3.05185e-005
0 0 0 -0.00784326 -0.515854 0.00793481 3.05185e-005
0 0 0 -0.00784326 -0.515854 0.00793481 3.05185e-005
0 0 0 -0.00784326 -0.515854 0.00793481 3.05185e-005
0 0 0 -0.00784326 -0.555528 0.00793481 3.05185e-005
0 0 0 -0.00784326 -0.555528 0.00793481 3.05185e-005
0 0 0 -0.00784326 -0.555528 0.00793481 3.05185e-005
0 0 0 -0.00784326 -0.555528 0.00793481 3.05185e-005
0 0 0 -0.00784326 -0.555528 0.00793481 3.05185e-005
0 0 0 -0.00784326 -0.571429 0.00793481 3.05185e-005
0 0 0 -0.00784326 -0.571429 0.00793481 3.05185e-005
0 0 0 -0.00784326 -0.571429 0.00793481 3.05185e-005
0 0 0 -0.00784326 -0.571429 0.00793481 3.05185e-005
0 0 0 -0.00784326 -0.571429 0.00793481 3.05185e-005
0 0 0 -0.00784326 -0.587298 0.00793481 3.05185e-005
0 0 0 -0.00784326 -0.587298 0.00793481 3.05185e-005
0 0 0 -0.00784326 -0.587298 0.00793481 3.05185e-005
0 0 0 -0.00784326 -0.587298 0.00793481 3.05185e-005
0 0 0 -0.00784326 -0.587298 0.00793481 3.05185e-005
0 0 0 -0.00784326 -0.619037 0.00793481 3.05185e-005
0 0 0 -0.00784326 -0.619037 0.00793481 3.05185e-005
0 0 0 -0.00784326 -0.619037 0.00793481 3.05185e-005
0 0 0 -0.00784326 -0.619037 0.00793481 3.05185e-005
0 0 0 -0.00784326 -0.619037 0.00793481 3.05185e-005
0 0 0 -0.00784326 -0.674581 0.00793481 3.05185e-005
0 0 0 -0.00784326 -0.674581 0.00793481 3.05185e-005
0 0 0 -0.00784326 -0.674581 0.00793481 3.05185e-005
0 0 0 -0.00784326 -0.674581 0.00793481 3.05185e-005
0 0 0 -0.00784326 -0.674581 0.00793481 3.05185e-005
0 0 0 -0.00784326 -0.722221 0.00793481 3.05185e-005
0 0 0 -0.00784326 -0.722221 0.00793481 3.05185e-005
0 0 0 -0.00784326 -0.722221 0.00793481 3.05185e-005
0 0 0 -0.00784326 -0.722221 0.00793481 3.05185e-005
0 0 0 -0.00784326 -0.722221 0.00793481 3.05185e-005
0 0 0 -0.00784326 -0.793634 0.00793481 3.05185e-005
0 0 0 -0.00784326 -0.793634 0.00793481 3.05185e-005
0 0 0 -0.00784326 -0.793634 0.00793481 3.05185e-005
0 0 0 -0.00784326 -0.793634 0.00793481 3.05185e-005
0 0 0 -0.00784326 -0.793634 0.00793481 3.05185e-005
0 0 0 -0.00784326 -0.825373 0.00793481 3.05185e-005
0 0 0 -0.00784326 -0.825373 0.00793481 3.05185e-005
0 0 0 -0.00784326 -0.825373 0.00793481 3.05185e-005
0 0 0 -0.00784326 -0.825373 0.00793481 3.05185e-005
0 0 0 -0.00784326 -0.825373 0.00793481 3.05185e-005
0 0 0 -0.00784326 -0.825373 0.00793481 3.05185e-005
0 0 0 -0.00784326 -0.825373 0.00793481 3.05185e-005
0 0 0 -0.00784326 -0.825373 0.00793481 3.05185e-005
0 0 0 -0.00784326 -0.825373 0.00793481 3.05185e-005
0 0 0 -0.00784326 -0.825373 0.00793481 3.05185e-005
0 0 0 -0.00784326 -0.825373 0.00793481 3.05185e-005
0 0 0 -0.00784326 -0.825373 0.00793481 3.05185e-005
0 0 0 -0.00784326 -0.825373 0.00793481 3.05185e-005
0 0 0 -0.00784326 -0.825373 0.00793481 3.05185e-005
0 0 0 -0.00784326 -0.825373 0.00793481 3.05185e-005
0 0 0 -0.00784326 -0.825373 0.00793481 3.05185e-005
0 0 0 -0.00784326 -0.825373 0.00793481 3.05185e-005
0 0 0 -0.00784326 -0.825373 0.00793481 3.05185e-005
0 0 0 -0.00784326 -0.825373 0.00793481 3.05185e-005
0 0 0 -0.00784326 -0.825373 0.00793481 3.05185e-005
0 0 0 -0.00784326 -0.841243 0.00793481 3.05185e-005
0 0 0 -0.00784326 -0.841243 0.00793481 3.05185e-005
0 0 0 -0.00784326 -0.857143 0.00793481 3.05185e-005
0 0 0 -0.00784326 -0.857143 0.00793481 3.05185e-005
0 0 0 -0.00784326 -0.857143 0.00793481 3.05185e-005
