0 0 0 -0.437544 -0.833308 -1.00003 0.187536
0 0 0 -0.437544 -0.833308 -1.00003 0.187536
0 0 0 -0.437544 -0.833308 -1.00003 0.187536
0 0 0 -0.437544 -0.833308 -1.00003 0.187536
0 0 0 -0.437544 -0.833308 -1.00003 0.187536
0 0 0 -0.437544 -0.833308 -1.00003 0.187536
0 0 0 -0.437544 -0.833308 -1.00003 0.187536
0 0 0 -0.437544 -0.833308 -1.00003 0.187536
0 0 0 -0.437544 -0.833308 -1.00003 0.187536
0 0 0 -0.437544 -0.833308 -1.00003 0.187536
0 0 0 -0.437544 -0.857143 -1.00003 0.187536
0 0 0 -0.437544 -0.857143 -1.00003 0.187536
0 0 0 -0.437544 -0.857143 -1.00003 0.187536
0 0 0 -0.437544 -0.857143 -1.00003 0.187536
0 0 0 -0.437544 -0.857143 -1.00003 0.187536
0 0 0 -0.437544 -0.857143 -1.00003 0.187536
0 0 0 -0.437544 -0.857143 -1.00003 0.187536
0 0 0 -0.437544 -0.857143 -1.00003 0.187536
0 0 0 -0.437544 -0.857143 -1.00003 0.187536
0 0 0 -0.437544 -0.857143 -1.00003 0.187536
0 0 0 -0.437544 -0.857143 -1.00003 0.187536
0 0 0 -0.437544 -0.857143 -1.00003 0.187536
0 0 0 -0.437544 -0.857143 -1.00003 0.187536
0 0 0 -0.437544 -0.857143 -1.00003 0.187536
0 0 0 -0.437544 -0.857143 -1.00003 0.187536
0 0 0 -0.437544 -0.857143 -1.00003 0.187536
0 0 0 -0.437544 -0.857143 -1.00003 0.187536
0 0 0 -0.437544 -0.857143 -1.00003 0.187536
0 0 0 -0.437544 -0.857143 -1.00003 0.187536
0 0 0 -0.437544 -0.857143 -1.00003 0.187536
0 0 0 -0.453169 -0.857143 -1.00003 0.187536
0 0 0 -0.453169 -0.857143 -1.00003 0.187536
0 0 0 -0.453169 -0.857143 -1.00003 0.187536
0 0 0 -0.453169 -0.857143 -1.00003 0.187536
0 0 0 -0.453169 -0.857143 -1.00003 0.187536
0 0 0 -0.48442 -0.857143 -1.00003 0.187536
0 0 0 -0.48442 -0.857143 -1.00003 0.187536
0 0 0 -0.48442 -0.857143 -1.00003 0.187536
0 0 0 -0.48442 -0.857143 -1.00003 0.187536
0 0 0 -0.48442 -0.857143 -1.00003 0.187536
0 0 0 -0.48442 -0.857143 -1.00003 0.187536
0 0 0 -0.48442 -0.857143 -1.00003 0.187536
0 0 0 -0.48442 -0.857143 -1.00003 0.187536
0 0 0 -0.48442 -0.857143 -1.00003 0.187536
0 0 0 -0.48442 -0.857143 -1.00003 0.187536
0 0 0 -0.48442 -0.857143 -1.00003 0.187536
0 0 0 -0.48442 -0.857143 -1.00003 0.187536
0 0 0 -0.48442 -0.857143 -1.00003 0.187536
0 0 0 -0.48442 -0.857143 -1.00003 0.187536
0 0 0 -0.48442 -0.857143 -1.00003 0.187536
0 0 0 -0.48442 -0.857143 -1.00003 0.187536
0 0 0 -0.48442 -0.857143 -1.00003 0.187536
0 0 0 -0.48442 -0.857143 -1.00003 0.187536
0 0 0 -0.48442 -0.857143 -1.00003 0.187536
0 0 0 -0.48442 -0.857143 -1.00003 0.187536
0 0 0 -0.453169 -0.857143 -1.00003 0.187536
0 0 0 -0.453169 -0.857143 -1.00003 0.187536
0 0 0 -0.453169 -0.857143 -1.00003 0.187536
0 0 0 -0.453169 -0.857143 -1.00003 0.187536
0 0 0 -0.453169 -0.857143 -1.00003 0.187536
0 0 0 -0.421918 -0.825373 -1.00003 0.187536
0 0 0 -0.421918 -0.825373 -1.00003 0.187536
0 0 0 -0.421918 -0.825373 -1.00003 0.187536
0 0 0 -0.421918 -0.825373 -1.00003 0.187536
0 0 0 -0.421918 -0.825373 -1.00003 0.187536
0 0 0 -0.351604 -0.809503 -1.00003 0.187536
0 0 0 -0.351604 -0.809503 -1.00003 0.187536
0 0 0 -0.351604 -0.809503 -1.00003 0.187536
0 0 0 -0.351604 -0.809503 -1.00003 0.187536
0 0 0 -0.351604 -0.809503 -1.00003 0.187536
0 0 0 -0.250038 -0.75396 -1.00003 0.187536
0 0 0 -0.250038 -0.75396 -1.00003 0.187536
0 0 0 -0.250038 -0.75396 -1.00003 0.187536
0 0 0 -0.250038 -0.75396 -1.00003 0.187536
0 0 0 -0.250038 -0.75396 -1.00003 0.187536
0 0 0 -0.203162 -0.730155 -1.00003 0.187536
0 0 0 -0.203162 -0.730155 -1.00003 0.187536
0 0 0 -0.203162 -0.730155 -1.00003 0.187536
0 0 0 -0.203162 -0.730155 -1.00003 0.187536
0 0 0 -0.203162 -0.730155 -1.00003 0.187536
0 0 0 -0.0859706 -0.674581 -1.00003 0.187536
0 0 0 -0.0859706 -0.674581 -1.00003 0.187536
0 0 0 -0.0859706 -0.674581 -1.00003 0.187536
0 0 0 -0.0859706 -0.674581 -1.00003 0.187536
0 0 0 -0.0859706 -0.674581 -1.00003 0.187536
0 0 0 -0.0390942 -0.611103 -1.00003 0.187536
0 0 0 -0.0390942 -0.611103 -1.00003 0.187536
0 0 0 -0.0390942 -0.611103 -1.00003 0.187536
0 0 0 -0.0390942 -0.611103 -1.00003 0.187536
0 0 0 -0.0390942 -0.611103 -1.00003 0.187536
0 0 0 -0.00784326 -0.571429 -1.00003 0.187536
0 0 0 -0.00784326 -0.571429 -1.00003 0.187536
0 0 0 -0.00784326 -0.571429 -1.00003 0.187536
0 0 0 -0.00784326 -0.571429 -1.00003 0.187536
0 0 0 -0.00784326 -0.571429 -1.00003 0.187536
0 0 0 -3.05185e-005 -0.531724 -1.00003 0.187536
0 0 0 -3.05185e-005 -0.531724 -1.00003 0.187536
0 0 0 -3.05185e-005 -0.531724 -1.00003 0.187536
0 0 0 -3.05185e-005 -0.531724 -1.00003 0.187536
0 0 0 -3.05185e-005 -0.531724 -1.00003 0.187536
0 0 0 0.0476089 -0.484115 -1.00003 0.187536
0 0 0 0.0476089 -0.484115 -1.00003 0.187536
0 0 0 0.0476089 -0.484115 -1.00003 0.187536
0 0 0 0.0476089 -0.484115 -1.00003 0.187536
0 0 0 0.0476089 -0.484115 -1.00003 0.187536
0 0 0 0.0872829 -0.388867 -1.00003 0.187536
0 0 0 0.0872829 -0.388867 -1.00003 0.187536
0 0 0 0.0872829 -0.388867 -1.00003 0.187536
0 0 0 0.0872829 -0.388867 -1.00003 0.187536
0 0 0 0.0872829 -0.388867 -1.00003 0.187536
0 0 0 0.126957 -0.325388 -1.00003 0.187536
0 0 0 0.126957 -0.325388 -1.00003 0.187536
0 0 0 0.126957 -0.325388 -1.00003 0.187536
0 0 0 0.126957 -0.325388 -1.00003 0.187536
0 0 0 0.126957 -0.325388 -1.00003 0.187536
0 0 0 0.206336 -0.277749 -1.00003 0.187536
0 0 0 0.206336 -0.277749 -1.00003 0.187536
0 0 0 0.206336 -0.277749 -1.00003 0.187536
0 0 0 0.206336 -0.277749 -1.00003 0.187536
0 0 0 0.206336 -0.277749 -1.00003 0.187536
0 0 0 0.206336 -0.222205 -1.00003 0.187536
0 0 0 0.206336 -0.222205 -1.00003 0.187536
0 0 0 0.206336 -0.222205 -1.00003 0.187536
0 0 0 0.206336 -0.222205 -1.00003 0.187536
0 0 0 0.206336 -0.222205 -1.00003 0.187536
0 0 0 0.238075 -0.158727 -1.00003 0.187536
0 0 0 0.238075 -0.158727 -1.00003 0.187536
0 0 0 0.238075 -0.158727 -1.00003 0.187536
0 0 0 0.238075 -0.158727 -1.00003 0.187536
0 0 0 0.238075 -0.158727 -1.00003 0.187536
0 0 0 0.269814 -0.0952177 -1.00003 0.187536
0 0 0 0.269814 -0.0952177 -1.00003 0.187536
0 0 0 0.269814 -0.0952177 -1.00003 0.187536
0 0 0 0.269814 -0.0952177 -1.00003 0.187536
0 0 0 0.269814 -0.0952177 -1.00003 0.187536
0 0 0 0.301584 -0.0238044 -1.00003 0.187536
0 0 0 0.301584 -0.0238044 -1.00003 0.187536
0 0 0 0.301584 -0.0238044 -1.00003 0.187536
0 0 0 0.301584 -0.0238044 -1.00003 0.187536
0 0 0 0.301584 -0.0238044 -1.00003 0.187536
0 0 0 0.333323 0 -1.00003 0.187536
0 0 0 0.333323 0 -1.00003 0.187536
0 0 0 0.333323 0 -1.00003 0.187536
0 0 0 0.333323 0 -1.00003 0.187536
0 0 0 0.333323 0 -1.00003 0.187536
0 0 0 0.404736 0 -1.00003 0.187536
0 0 0 0.404736 0 -1.00003 0.187536
0 0 0 0.404736 0 -1.00003 0.187536
0 0 0 0.404736 0 -1.00003 0.187536
0 0 0 0.436506 0 -1.00003 0.187536
0 0 0 0.468245 0 -1.00003 0.187536
0 0 0 0.468245 0 -1.00003 0.187536
0 0 0 0.468245 0 -1.00003 0.187536
0 0 0 0.468245 0 -1.00003 0.187536
0 0 0 0.468245 0 -1.00003 0.187536
0 0 0 0.523789 0.00784326 -1.00003 0.187536
0 0 0 0.523789 0.00784326 -1.00003 0.187536
0 0 0 0.523789 0.00784326 -1.00003 0.187536
0 0 0 0.523789 0.00784326 -1.00003 0.187536
0 0 0 0.555528 0.00784326 -1.00003 0.187536
0 0 0 0.579363 0.00784326 -1.00003 0.187536
0 0 0 0.579363 0.00784326 -1.00003 0.187536
0 0 0 0.595233 0.0312815 -1.00003 0.187536
0 0 0 0.595233 0.0312815 -1.00003 0.187536
0 0 0 0.595233 0.0312815 -1.00003 0.187536
0 0 0 0.611103 0.0781579 -1.00003 0.187536
0 0 0 0.611103 0.0781579 -1.00003 0.187536
0 0 0 0.611103 0.0781579 -1.00003 0.187536
0 0 0 0.611103 0.0781579 -1.00003 0.187536
0 0 0 0.619037 0.0781579 -1.00003 0.187536
0 0 0 0.626972 0.14066 -1.00003 0.187536
0 0 0 0.626972 0.14066 -1.00003 0.187536
0 0 0 0.626972 0.14066 -1.00003 0.187536
0 0 0 0.626972 0.14066 -1.00003 0.187536
0 0 0 0.626972 0.14066 -1.00003 0.187536
0 0 0 0.698386 0.164098 -1.00003 0.187536
0 0 0 0.698386 0.164098 -1.00003 0.187536
0 0 0 0.698386 0.164098 -1.00003 0.187536
0 0 0 0.698386 0.164098 -1.00003 0.187536
0 0 0 0.698386 0.164098 -1.00003 0.187536
0 0 0 0.73809 0.210974 -1.00003 0.187536
0 0 0 0.73809 0.210974 -1.00003 0.187536
0 0 0 0.73809 0.210974 -1.00003 0.187536
0 0 0 0.73809 0.210974 -1.00003 0.187536
0 0 0 0.73809 0.210974 -1.00003 0.187536
0 0 0 0.793634 0.257851 -1.00003 0.187536
0 0 0 0.793634 0.257851 -1.00003 0.187536
0 0 0 0.793634 0.257851 -1.00003 0.187536
0 0 0 0.793634 0.257851 -1.00003 0.187536
0 0 0 0.793634 0.257851 -1.00003 0.187536
0 0 0 0.825373 0.320353 -1.00003 0.187536
0 0 0 0.825373 0.320353 -1.00003 0.187536
0 0 0 0.825373 0.320353 -1.00003 0.187536
0 0 0 0.825373 0.320353 -1.00003 0.187536
0 0 0 0.825373 0.320353 -1.00003 0.187536
0 0 0 0.841243 0.343791 -1.00003 0.187536
0 0 0 0.841243 0.343791 -1.00003 0.187536
0 0 0 0.841243 0.343791 -1.00003 0.187536
0 0 0 0.841243 0.343791 -1.00003 0.187536
0 0 0 0.841243 0.343791 -1.00003 0.187536
0 0 0 0.865078 0.406293 -1.00003 0.187536
0 0 0 0.865078 0.406293 -1.00003 0.187536
0 0 0 0.865078 0.406293 -1.00003 0.187536
0 0 0 0.865078 0.406293 -1.00003 0.187536
0 0 0 0.865078 0.406293 -1.00003 0.187536
0 0 0 0.896817 0.437544 -1.00003 0.187536
0 0 0 0.896817 0.437544 -1.00003 0.187536
0 0 0 0.896817 0.437544 -1.00003 0.187536
0 0 0 0.896817 0.437544 -1.00003 0.187536
0 0 0 0.896817 0.437544 -1.00003 0.187536
0 0 0 0.928556 0.468795 -1.00003 0.187536
0 0 0 0.928556 0.468795 -1.00003 0.187536
0 0 0 0.928556 0.468795 -1.00003 0.187536
0 0 0 0.928556 0.468795 -1.00003 0.187536
0 0 0 0.928556 0.468795 -1.00003 0.187536
0 0 0 0.928556 0.48442 -1.00003 0.187536
0 0 0 0.928556 0.48442 -1.00003 0.187536
0 0 0 0.928556 0.48442 -1.00003 0.187536
0 0 0 0.928556 0.48442 -1.00003 0.187536
0 0 0 0.928556 0.48442 -1.00003 0.187536
0 0 0 0.936491 0.492233 -1.00003 0.187536
0 0 0 0.936491 0.492233 -1.00003 0.187536
0 0 0 0.936491 0.492233 -1.00003 0.187536
0 0 0 0.936491 0.492233 -1.00003 0.187536
0 0 0 0.936491 0.492233 -1.00003 0.187536
0 0 0 0.936491 0.507859 -1.00003 0.187536
0 0 0 0.936491 0.507859 -1.00003 0.187536
0 0 0 0.936491 0.507859 -1.00003 0.187536
0 0 0 0.936491 0.507859 -1.00003 0.187536
0 0 0 0.936491 0.507859 -1.00003 0.187536
0 0 0 0.936491 0.523484 -1.00003 0.187536
0 0 0 0.936491 0.523484 -1.00003 0.187536
0 0 0 0.936491 0.523484 -1.00003 0.187536
0 0 0 0.936491 0.523484 -1.00003 0.187536
0 0 0 0.936491 0.523484 -1.00003 0.187536
0 0 0 0.936491 0.539109 -1.00003 0.187536
0 0 0 0.936491 0.539109 -1.00003 0.187536
0 0 0 0.936491 0.539109 -1.00003 0.187536
0 0 0 0.936491 0.539109 -1.00003 0.187536
0 0 0 0.936491 0.539109 -1.00003 0.187536
0 0 0 0.952361 0.57036 -1.00003 0.187536
0 0 0 0.952361 0.57036 -1.00003 0.187536
0 0 0 0.952361 0.57036 -1.00003 0.187536
0 0 0 0.952361 0.57036 -1.00003 0.187536
0 0 0 0.952361 0.57036 -1.00003 0.187536
0 0 0 0.952361 0.601611 -1.00003 0.187536
0 0 0 0.952361 0.601611 -1.00003 0.187536
0 0 0 0.952361 0.601611 -1.00003 0.187536
0 0 0 0.952361 0.601611 -1.00003 0.187536
0 0 0 0.952361 0.601611 -1.00003 0.187536
0 0 0 0.952361 0.617237 -1.00003 0.187536
0 0 0 0.952361 0.617237 -1.00003 0.187536
0 0 0 0.952361 0.617237 -1.00003 0.187536
0 0 0 0.952361 0.617237 -1.00003 0.187536
0 0 0 0.952361 0.617237 -1.00003 0.187536
0 0 0 0.952361 0.640675 -1.00003 0.187536
0 0 0 0.952361 0.640675 -1.00003 0.187536
0 0 0 0.952361 0.640675 -1.00003 0.187536
0 0 0 0.952361 0.640675 -1.00003 0.187536
0 0 0 0.952361 0.640675 -1.00003 0.187536
0 0 0 0.928556 0.640675 -1.00003 0.187536
0 0 0 0.928556 0.640675 -1.00003 0.187536
0 0 0 0.928556 0.640675 -1.00003 0.187536
0 0 0 0.928556 0.640675 -1.00003 0.187536
0 0 0 0.928556 0.640675 -1.00003 0.187536
0 0 0 0.928556 0.640675 -1.00003 0.187536
0 0 0 0.928556 0.640675 -1.00003 0.187536
0 0 0 0.928556 0.640675 -1.00003 0.187536
0 0 0 0.928556 0.640675 -1.00003 0.187536
0 0 0 0.928556 0.640675 -1.00003 0.187536
0 0 0 0.928556 0.640675 -1.00003 0.187536
0 0 0 0.928556 0.640675 -1.00003 0.187536
0 0 0 0.928556 0.656301 -1.00003 0.187536
0 0 0 0.928556 0.656301 -1.00003 0.187536
0 0 0 0.928556 0.656301 -1.00003 0.187536
0 0 0 0.928556 0.656301 -1.00003 0.187536
0 0 0 0.928556 0.656301 -1.00003 0.187536
0 0 0 0.928556 0.656301 -1.00003 0.187536
0 0 0 0.928556 0.656301 -1.00003 0.187536
0 0 0 0.928556 0.656301 -1.00003 0.187536
0 0 0 0.928556 0.656301 -1.00003 0.187536
0 0 0 0.928556 0.671926 -1.00003 0.187536
0 0 0 0.928556 0.671926 -1.00003 0.187536
0 0 0 0.928556 0.671926 -1.00003 0.187536
0 0 0 0.928556 0.671926 -1.00003 0.187536
0 0 0 0.928556 0.671926 -1.00003 0.187536
0 0 0 0.928556 0.671926 -1.00003 0.187536
0 0 0 0.928556 0.671926 -1.00003 0.187536
0 0 0 0.928556 0.671926 -1.00003 0.187536
0 0 0 0.928556 0.671926 -1.00003 0.187536
0 0 0 0.928556 0.687551 -1.00003 0.187536
0 0 0 0.928556 0.687551 -1.00003 0.187536
0 0 0 0.928556 0.687551 -1.00003 0.187536
0 0 0 0.928556 0.687551 -1.00003 0.187536
0 0 0 0.928556 0.687551 -1.00003 0.187536
0 0 0 0.928556 0.703177 -1.00003 0.187536
0 0 0 0.928556 0.703177 -1.00003 0.187536
0 0 0 0.928556 0.703177 -1.00003 0.187536
0 0 0 0.928556 0.703177 -1.00003 0.187536
0 0 0 0.928556 0.703177 -1.00003 0.187536
0 0 0 0.928556 0.718802 -1.00003 0.187536
0 0 0 0.928556 0.718802 -1.00003 0.187536
0 0 0 0.928556 0.718802 -1.00003 0.187536
0 0 0 0.928556 0.718802 -1.00003 0.187536
0 0 0 0.928556 0.718802 -1.00003 0.187536
0 0 0 0.928556 0.718802 -1.00003 0.187536
0 0 0 0.928556 0.718802 -1.00003 0.187536
0 0 0 0.928556 0.718802 -1.00003 0.187536
0 0 0 0.928556 0.718802 -1.00003 0.187536
0 0 0 0.928556 0.718802 -1.00003 0.187536
0 0 0 0.928556 0.718802 -1.00003 0.187536
0 0 0 0.928556 0.718802 -1.00003 0.187536
0 0 0 0.928556 0.718802 -1.00003 0.187536
0 0 0 0.928556 0.718802 -1.00003 0.187536
0 0 0 0.928556 0.718802 -1.00003 0.187536
0 0 0 0.928556 0.718802 -1.00003 0.187536
0 0 0 0.928556 0.718802 -1.00003 0.187536
0 0 0 0.928556 0.718802 -1.00003 0.187536
0 0 0 0.928556 0.718802 -1.00003 0.187536
0 0 0 0.928556 0.718802 -1.00003 0.187536
0 0 0 0.928556 0.734428 -1.00003 0.187536
0 0 0 0.928556 0.734428 -1.00003 0.187536
0 0 0 0.928556 0.734428 -1.00003 0.187536
0 0 0 0.928556 0.734428 -1.00003 0.187536
0 0 0 0.928556 0.734428 -1.00003 0.187536
0 0 0 0.928556 0.750053 -1.00003 0.187536
0 0 0 0.928556 0.750053 -1.00003 0.187536
0 0 0 0.928556 0.750053 -1.00003 0.187536
0 0 0 0.928556 0.750053 -1.00003 0.187536
0 0 0 0.928556 0.750053 -1.00003 0.187536
0 0 0 0.928556 0.750053 -1.00003 0.187536
0 0 0 0.928556 0.750053 -1.00003 0.187536
0 0 0 0.928556 0.750053 -1.00003 0.187536
0 0 0 0.928556 0.750053 -1.00003 0.187536
0 0 0 0.928556 0.750053 -1.00003 0.187536
0 0 0 0.928556 0.750053 -1.00003 0.187536
0 0 0 0.928556 0.750053 -1.00003 0.187536
0 0 0 0.928556 0.750053 -1.00003 0.187536
0 0 0 0.928556 0.750053 -1.00003 0.187536
0 0 0 0.928556 0.750053 -1.00003 0.187536
0 0 0 0.928556 0.750053 -1.00003 0.187536
0 0 0 0.928556 0.750053 -1.00003 0.187536
0 0 0 0.928556 0.750053 -1.00003 0.187536
0 0 0 0.928556 0.750053 -1.00003 0.187536
0 0 0 0.928556 0.750053 -1.00003 0.187536
0 0 0 0.928556 0.765679 -1.00003 0.187536
0 0 0 0.928556 0.765679 -1.00003 0.187536
0 0 0 0.928556 0.765679 -1.00003 0.187536
0 0 0 0.928556 0.765679 -1.00003 0.187536
0 0 0 0.928556 0.765679 -1.00003 0.187536
0 0 0 0.928556 0.765679 -1.00003 0.187536
0 0 0 0.928556 0.765679 -1.00003 0.187536
0 0 0 0.928556 0.765679 -1.00003 0.187536
0 0 0 0.928556 0.765679 -1.00003 0.187536
0 0 0 0.928556 0.765679 -1.00003 0.187536
0 0 0 0.928556 0.765679 -1.00003 0.187536
0 0 0 0.928556 0.765679 -1.00003 0.187536
0 0 0 0.928556 0.765679 -1.00003 0.187536
0 0 0 0.928556 0.765679 -1.00003 0.187536
0 0 0 0.928556 0.765679 -1.00003 0.187536
0 0 0 0.928556 0.765679 -1.00003 0.187536
0 0 0 0.928556 0.765679 -1.00003 0.187536
0 0 0 0.928556 0.765679 -1.00003 0.187536
0 0 0 0.928556 0.765679 -1.00003 0.187536
0 0 0 0.928556 0.765679 -1.00003 0.187536
0 0 0 0.928556 0.765679 -1.00003 0.164098
0 0 0 0.928556 0.765679 -1.00003 0.164098
0 0 0 0.928556 0.765679 -1.00003 0.164098
0 0 0 0.928556 0.765679 -1.00003 0.164098
0 0 0 0.928556 0.765679 -1.00003 0.164098
0 0 0 0.928556 0.765679 -1.00003 0.164098
0 0 0 0.928556 0.765679 -1.00003 0.164098
0 0 0 0.928556 0.765679 -1.00003 0.164098
0 0 0 0.928556 0.765679 -1.00003 0.164098
0 0 0 0.928556 0.765679 -1.00003 0.164098
0 0 0 0.928556 0.765679 -1.00003 0.164098
0 0 0 0.928556 0.765679 -1.00003 0.164098
0 0 0 0.928556 0.765679 -1.00003 0.164098
0 0 0 0.928556 0.765679 -1.00003 0.164098
0 0 0 0.928556 0.765679 -1.00003 0.164098
0 0 0 0.928556 0.765679 -1.00003 0.164098
0 0 0 0.928556 0.765679 -1.00003 0.164098
0 0 0 0.928556 0.765679 -1.00003 0.164098
0 0 0 0.928556 0.765679 -1.00003 0.164098
0 0 0 0.928556 0.765679 -1.00003 0.164098
0 0 0 0.928556 0.765679 -1.00003 0.164098
0 0 0 0.928556 0.765679 -1.00003 0.164098
0 0 0 0.928556 0.765679 -1.00003 0.164098
0 0 0 0.928556 0.765679 -1.00003 0.164098
0 0 0 0.928556 0.765679 -1.00003 0.164098
0 0 0 0.928556 0.765679 -1.00003 0.164098
0 0 0 0.928556 0.765679 -1.00003 0.164098
0 0 0 0.928556 0.765679 -1.00003 0.164098
0 0 0 0.928556 0.765679 -1.00003 0.164098
0 0 0 0.928556 0.765679 -1.00003 0.164098
0 0 0 0.928556 0.765679 -1.00003 0.164098
0 0 0 0.928556 0.765679 -1.00003 0.164098
0 0 0 0.928556 0.765679 -1.00003 0.164098
0 0 0 0.928556 0.765679 -1.00003 0.164098
0 0 0 0.928556 0.765679 -1.00003 0.164098
0 0 0 0.928556 0.765679 -1.00003 0.164098
0 0 0 0.928556 0.765679 -1.00003 0.164098
0 0 0 0.928556 0.765679 -1.00003 0.164098
0 0 0 0.928556 0.765679 -1.00003 0.164098
0 0 0 0.928556 0.765679 -1.00003 0.164098
0 0 0 0.928556 0.765679 -1.00003 0.164098
0 0 0 0.928556 0.765679 -1.00003 0.164098
0 0 0 0.928556 0.765679 -1.00003 0.164098
0 0 0 0.928556 0.765679 -1.00003 0.164098
0 0 0 0.928556 0.765679 -1.00003 0.164098
0 0 0 0.928556 0.765679 -1.00003 0.164098
0 0 0 0.928556 0.765679 -1.00003 0.164098
0 0 0 0.928556 0.765679 -1.00003 0.164098
0 0 0 0.928556 0.765679 -1.00003 0.164098
0 0 0 0.928556 0.765679 -1.00003 0.164098
0 0 0 0.928556 0.765679 -1.00003 0.164098
0 0 0 0.928556 0.765679 -1.00003 0.164098
0 0 0 0.928556 0.765679 -1.00003 0.164098
0 0 0 0.928556 0.765679 -1.00003 0.164098
0 0 0 0.928556 0.765679 -1.00003 0.164098
0 0 0 0.928556 0.765679 -1.00003 0.164098
0 0 0 0.928556 0.765679 -1.00003 0.164098
0 0 0 0.928556 0.765679 -1.00003 0.164098
0 0 0 0.928556 0.765679 -1.00003 0.164098
0 0 0 0.928556 0.765679 -1.00003 0.164098
0 0 0 0.928556 0.765679 -1.00003 0.164098
0 0 0 0.928556 0.765679 -1.00003 0.164098
0 0 0 0.928556 0.765679 -1.00003 0.164098
0 0 0 0.928556 0.765679 -1.00003 0.164098
0 0 0 0.928556 0.765679 -1.00003 0.164098
0 0 0 0.928556 0.765679 -1.00003 0.164098
0 0 0 0.928556 0.765679 -1.00003 0.164098
0 0 0 0.928556 0.765679 -1.00003 0.164098
0 0 0 0.928556 0.765679 -1.00003 0.164098
0 0 0 0.928556 0.765679 -1.00003 0.164098
0 0 0 0.928556 0.718802 -1.00003 0.164098
0 0 0 0.928556 0.718802 -1.00003 0.164098
0 0 0 0.928556 0.718802 -1.00003 0.164098
0 0 0 0.928556 0.718802 -1.00003 0.164098
0 0 0 0.928556 0.718802 -1.00003 0.164098
0 0 0 0.928556 0.671926 -1.00003 0.164098
0 0 0 0.928556 0.671926 -1.00003 0.164098
0 0 0 0.928556 0.671926 -1.00003 0.164098
0 0 0 0.928556 0.671926 -1.00003 0.164098
0 0 0 0.928556 0.671926 -1.00003 0.164098
0 0 0 0.865078 0.585986 -1.00003 0.164098
0 0 0 0.865078 0.585986 -1.00003 0.164098
0 0 0 0.865078 0.585986 -1.00003 0.164098
0 0 0 0.865078 0.585986 -1.00003 0.164098
0 0 0 0.865078 0.585986 -1.00003 0.164098
0 0 0 0.841243 0.554735 -1.00003 0.164098
0 0 0 0.841243 0.554735 -1.00003 0.164098
0 0 0 0.841243 0.554735 -1.00003 0.164098
0 0 0 0.841243 0.554735 -1.00003 0.164098
0 0 0 0.841243 0.554735 -1.00003 0.164098
0 0 0 0.825373 0.523484 -1.00003 0.164098
0 0 0 0.825373 0.523484 -1.00003 0.164098
0 0 0 0.825373 0.523484 -1.00003 0.164098
0 0 0 0.825373 0.523484 -1.00003 0.164098
0 0 0 0.825373 0.523484 -1.00003 0.164098
0 0 0 0.809503 0.507859 -1.00003 0.164098
0 0 0 0.809503 0.507859 -1.00003 0.164098
0 0 0 0.809503 0.507859 -1.00003 0.164098
0 0 0 0.809503 0.507859 -1.00003 0.164098
0 0 0 0.809503 0.507859 -1.00003 0.164098
0 0 0 0.801569 0.468795 -1.00003 0.164098
0 0 0 0.801569 0.468795 -1.00003 0.164098
0 0 0 0.801569 0.468795 -1.00003 0.164098
0 0 0 0.801569 0.468795 -1.00003 0.164098
0 0 0 0.801569 0.468795 -1.00003 0.164098
0 0 0 0.801569 0.437544 -1.00003 0.164098
0 0 0 0.801569 0.437544 -1.00003 0.164098
0 0 0 0.801569 0.437544 -1.00003 0.164098
0 0 0 0.801569 0.437544 -1.00003 0.164098
0 0 0 0.801569 0.437544 -1.00003 0.164098
0 0 0 0.793634 0.406293 -1.00003 0.164098
0 0 0 0.793634 0.406293 -1.00003 0.164098
0 0 0 0.793634 0.406293 -1.00003 0.164098
0 0 0 0.793634 0.406293 -1.00003 0.164098
0 0 0 0.793634 0.406293 -1.00003 0.164098
0 0 0 0.793634 0.375042 -1.00003 0.164098
0 0 0 0.793634 0.375042 -1.00003 0.164098
0 0 0 0.793634 0.375042 -1.00003 0.164098
0 0 0 0.793634 0.375042 -1.00003 0.164098
0 0 0 0.793634 0.375042 -1.00003 0.164098
0 0 0 0.777764 0.328166 -1.00003 0.164098
0 0 0 0.777764 0.328166 -1.00003 0.164098
0 0 0 0.777764 0.328166 -1.00003 0.164098
0 0 0 0.777764 0.328166 -1.00003 0.164098
0 0 0 0.761895 0.328166 -1.00003 0.164098
0 0 0 0.730155 0.320353 -1.00003 0.164098
0 0 0 0.730155 0.320353 -1.00003 0.164098
0 0 0 0.70632 0.304727 -1.00003 0.164098
0 0 0 0.70632 0.304727 -1.00003 0.164098
0 0 0 0.70632 0.304727 -1.00003 0.164098
0 0 0 0.650777 0.2266 -1.00003 0.164098
0 0 0 0.650777 0.2266 -1.00003 0.164098
0 0 0 0.650777 0.2266 -1.00003 0.164098
0 0 0 0.611103 0.210974 -1.00003 0.164098
0 0 0 0.611103 0.210974 -1.00003 0.164098
0 0 0 0.579363 0.164098 -1.00003 0.164098
0 0 0 0.579363 0.164098 -1.00003 0.164098
0 0 0 0.547594 0.0937834 -1.00003 0.164098
0 0 0 0.547594 0.0937834 -1.00003 0.164098
0 0 0 0.547594 0.0937834 -1.00003 0.164098
0 0 0 0.436506 0.0312815 -1.00003 0.179724
0 0 0 0.436506 0.0312815 -1.00003 0.179724
0 0 0 0.436506 0.0312815 -1.00003 0.179724
0 0 0 0.436506 0.0312815 -1.00003 0.179724
0 0 0 0.436506 0.0312815 -1.00003 0.179724
0 0 0 0.317454 0.00784326 -1.00003 0.179724
0 0 0 0.24601 3.05185e-005 -1.00003 0.187536
0 0 0 0.24601 3.05185e-005 -1.00003 0.187536
0 0 0 0.24601 3.05185e-005 -1.00003 0.187536
0 0 0 0.24601 3.05185e-005 -1.00003 0.187536
0 0 0 0.0555437 -0.0952177 -1.00003 0.187536
0 0 0 0.0555437 -0.0952177 -1.00003 0.187536
0 0 0 0.0555437 -0.0952177 -1.00003 0.187536
0 0 0 0.0555437 -0.0952177 -1.00003 0.187536
0 0 0 0.0555437 -0.0952177 -1.00003 0.187536
0 0 0 -3.05185e-005 -0.0952177 -1.00003 0.187536
0 0 0 -0.00784326 -0.0952177 -1.00003 0.187536
0 0 0 -0.00784326 -0.0952177 -1.00003 0.187536
0 0 0 -0.00784326 -0.0952177 -1.00003 0.187536
0 0 0 -0.00784326 -0.0952177 -1.00003 0.187536
0 0 0 -0.0234687 -0.166662 -1.00003 0.187536
0 0 0 -0.0234687 -0.166662 -1.00003 0.187536
0 0 0 -0.0234687 -0.166662 -1.00003 0.187536
0 0 0 -0.0234687 -0.166662 -1.00003 0.187536
0 0 0 -0.0234687 -0.166662 -1.00003 0.187536
0 0 0 -0.0234687 -0.222205 -1.00003 0.187536
0 0 0 -0.0234687 -0.222205 -1.00003 0.187536
0 0 0 -0.0234687 -0.222205 -1.00003 0.187536
0 0 0 -0.0234687 -0.222205 -1.00003 0.187536
0 0 0 -0.0234687 -0.222205 -1.00003 0.187536
0 0 0 -0.0703452 -0.261879 -1.00003 0.203162
0 0 0 -0.0703452 -0.261879 -1.00003 0.203162
0 0 0 -0.0703452 -0.261879 -1.00003 0.203162
0 0 0 -0.0703452 -0.261879 -1.00003 0.203162
0 0 0 -0.0703452 -0.261879 -1.00003 0.203162
0 0 0 -0.0703452 -0.341258 -1.00003 0.203162
0 0 0 -0.0703452 -0.341258 -1.00003 0.203162
0 0 0 -0.0703452 -0.341258 -1.00003 0.203162
0 0 0 -0.0703452 -0.341258 -1.00003 0.203162
0 0 0 -0.0703452 -0.341258 -1.00003 0.203162
0 0 0 -0.187536 -0.420606 -1.00003 0.203162
0 0 0 -0.187536 -0.420606 -1.00003 0.203162
0 0 0 -0.187536 -0.420606 -1.00003 0.203162
0 0 0 -0.187536 -0.420606 -1.00003 0.203162
0 0 0 -0.187536 -0.420606 -1.00003 0.203162
0 0 0 -0.289102 -0.50792 -1.00003 0.203162
0 0 0 -0.289102 -0.50792 -1.00003 0.203162
0 0 0 -0.289102 -0.50792 -1.00003 0.203162
0 0 0 -0.289102 -0.50792 -1.00003 0.203162
0 0 0 -0.289102 -0.50792 -1.00003 0.203162
0 0 0 -0.437544 -0.571429 -1.00003 0.203162
0 0 0 -0.437544 -0.571429 -1.00003 0.203162
0 0 0 -0.437544 -0.571429 -1.00003 0.203162
0 0 0 -0.437544 -0.571429 -1.00003 0.203162
0 0 0 -0.437544 -0.571429 -1.00003 0.203162
0 0 0 -0.601611 -0.666646 -1.00003 0.203162
0 0 0 -0.601611 -0.666646 -1.00003 0.203162
0 0 0 -0.601611 -0.666646 -1.00003 0.203162
0 0 0 -0.601611 -0.666646 -1.00003 0.203162
0 0 0 -0.601611 -0.666646 -1.00003 0.203162
0 0 0 -0.703177 -0.690451 -1.00003 0.203162
0 0 0 -0.703177 -0.690451 -1.00003 0.203162
0 0 0 -0.703177 -0.690451 -1.00003 0.203162
0 0 0 -0.703177 -0.690451 -1.00003 0.203162
0 0 0 -0.703177 -0.690451 -1.00003 0.203162
0 0 0 -0.781304 -0.746025 -1.00003 0.203162
0 0 0 -0.781304 -0.746025 -1.00003 0.203162
0 0 0 -0.781304 -0.746025 -1.00003 0.203162
0 0 0 -0.781304 -0.746025 -1.00003 0.203162
0 0 0 -0.781304 -0.746025 -1.00003 0.203162
0 0 0 -0.781304 -0.769829 -1.00003 0.218787
0 0 0 -0.781304 -0.769829 -1.00003 0.218787
0 0 0 -0.781304 -0.769829 -1.00003 0.218787
0 0 0 -0.781304 -0.769829 -1.00003 0.218787
0 0 0 -0.781304 -0.769829 -1.00003 0.218787
0 0 0 -0.820368 -0.769829 -1.00003 0.218787
0 0 0 -0.820368 -0.769829 -1.00003 0.218787
0 0 0 -0.820368 -0.769829 -1.00003 0.218787
0 0 0 -0.820368 -0.769829 -1.00003 0.218787
0 0 0 -0.820368 -0.769829 -1.00003 0.218787
0 0 0 -0.835994 -0.793634 -1.00003 0.218787
0 0 0 -0.835994 -0.793634 -1.00003 0.218787
0 0 0 -0.835994 -0.793634 -1.00003 0.218787
0 0 0 -0.835994 -0.793634 -1.00003 0.218787
0 0 0 -0.835994 -0.793634 -1.00003 0.218787
0 0 0 -0.851619 -0.809503 -1.00003 0.218787
0 0 0 -0.851619 -0.809503 -1.00003 0.218787
0 0 0 -0.851619 -0.809503 -1.00003 0.218787
0 0 0 -0.851619 -0.809503 -1.00003 0.218787
0 0 0 -0.851619 -0.809503 -1.00003 0.218787
0 0 0 -0.88287 -0.809503 -1.00003 0.218787
0 0 0 -0.88287 -0.809503 -1.00003 0.218787
0 0 0 -0.88287 -0.809503 -1.00003 0.218787
0 0 0 -0.88287 -0.809503 -1.00003 0.218787
0 0 0 -0.88287 -0.809503 -1.00003 0.218787
0 0 0 -0.88287 -0.825373 -1.00003 0.218787
0 0 0 -0.88287 -0.825373 -1.00003 0.218787
0 0 0 -0.88287 -0.825373 -1.00003 0.218787
0 0 0 -0.88287 -0.825373 -1.00003 0.218787
0 0 0 -0.88287 -0.825373 -1.00003 0.218787
0 0 0 -0.88287 -0.825373 -1.00003 0.218787
0 0 0 -0.88287 -0.825373 -1.00003 0.218787
0 0 0 -0.88287 -0.833308 -1.00003 0.218787
0 0 0 -0.88287 -0.833308 -1.00003 0.218787
0 0 0 -0.88287 -0.833308 -1.00003 0.218787
0 0 0 -0.88287 -0.833308 -1.00003 0.218787
0 0 0 -0.88287 -0.833308 -1.00003 0.218787
0 0 0 -0.88287 -0.833308 -1.00003 0.218787
0 0 0 -0.88287 -0.849178 -1.00003 0.218787
0 0 0 -0.88287 -0.849178 -1.00003 0.218787
0 0 0 -0.88287 -0.849178 -1.00003 0.218787
0 0 0 -0.88287 -0.849178 -1.00003 0.218787
0 0 0 -0.88287 -0.849178 -1.00003 0.218787
0 0 0 -0.88287 -0.849178 -1.00003 0.218787
0 0 0 -0.88287 -0.849178 -1.00003 0.218787
0 0 0 -0.898495 -0.857143 -1.00003 0.218787
0 0 0 -0.898495 -0.857143 -1.00003 0.218787
0 0 0 -0.898495 -0.857143 -1.00003 0.218787
0 0 0 -0.898495 -0.857143 -1.00003 0.218787
0 0 0 -0.898495 -0.857143 -1.00003 0.218787
0 0 0 -0.898495 -0.857143 -1.00003 0.218787
0 0 0 -0.898495 -0.857143 -1.00003 0.218787
0 0 0 -0.898495 -0.857143 -1.00003 0.218787
0 0 0 -0.898495 -0.857143 -1.00003 0.218787
0 0 0 -0.898495 -0.857143 -1.00003 0.218787
0 0 0 -0.898495 -0.857143 -1.00003 0.218787
0 0 0 -0.898495 -0.857143 -1.00003 0.218787
0 0 0 -0.898495 -0.857143 -1.00003 0.218787
0 0 0 -0.898495 -0.857143 -1.00003 0.218787
0 0 0 -0.898495 -0.857143 -1.00003 0.218787
0 0 0 -0.898495 -0.857143 -1.00003 0.218787
0 0 0 -0.898495 -0.857143 -1.00003 0.218787
0 0 0 -0.898495 -0.857143 -1.00003 0.218787
0 0 0 -0.898495 -0.857143 -1.00003 0.218787
0 0 0 -0.898495 -0.857143 -1.00003 0.218787
0 0 0 -0.898495 -0.857143 -1.00003 0.218787
0 0 0 -0.898495 -0.857143 -1.00003 0.218787
0 0 0 -0.898495 -0.857143 -1.00003 0.218787
0 0 0 -0.898495 -0.857143 -1.00003 0.218787
0 0 0 -0.898495 -0.857143 -1.00003 0.218787
0 0 0 -0.898495 -0.873012 -1.00003 0.218787
0 0 0 -0.898495 -0.873012 -1.00003 0.218787
0 0 0 -0.898495 -0.873012 -1.00003 0.218787
0 0 0 -0.898495 -0.873012 -1.00003 0.218787
0 0 0 -0.898495 -0.873012 -1.00003 0.218787
0 0 0 -0.953185 -0.888882 -1.00003 0.218787
0 0 0 -0.953185 -0.888882 -1.00003 0.218787
0 0 0 -0.953185 -0.888882 -1.00003 0.218787
0 0 0 -0.953185 -0.888882 -1.00003 0.218787
0 0 0 -0.953185 -0.888882 -1.00003 0.218787
0 0 0 -0.96881 -0.896817 -1.00003 0.218787
0 0 0 -0.96881 -0.896817 -1.00003 0.218787
0 0 0 -0.96881 -0.896817 -1.00003 0.218787
0 0 0 -0.96881 -0.896817 -1.00003 0.218787
0 0 0 -0.96881 -0.896817 -1.00003 0.218787
0 0 0 -0.984436 -0.936491 -1.00003 0.218787
0 0 0 -0.984436 -0.936491 -1.00003 0.218787
0 0 0 -0.984436 -0.936491 -1.00003 0.218787
0 0 0 -0.984436 -0.936491 -1.00003 0.218787
0 0 0 -0.984436 -0.936491 -1.00003 0.218787
0 0 0 -1.00003 -0.96823 -1.00003 0.218787
0 0 0 -1.00003 -0.96823 -1.00003 0.218787
0 0 0 -1.00003 -0.96823 -1.00003 0.218787
0 0 0 -1.00003 -0.96823 -1.00003 0.218787
0 0 0 -1.00003 -0.96823 -1.00003 0.218787
0 0 0 -1.00003 -0.96823 -1.00003 0.218787
0 0 0 -1.00003 -0.96823 -1.00003 0.218787
0 0 0 -1.00003 -0.96823 -1.00003 0.218787
0 0 0 -1.00003 -0.96823 -1.00003 0.218787
0 0 0 -1.00003 -0.96823 -1.00003 0.218787
0 0 0 -1.00003 -0.976165 -1.00003 0.218787
0 0 0 -1.00003 -0.976165 -1.00003 0.218787
0 0 0 -1.00003 -0.976165 -1.00003 0.218787
0 0 0 -1.00003 -0.976165 -1.00003 0.218787
0 0 0 -1.00003 -0.976165 -1.00003 0.218787
0 0 0 -1.00003 -0.976165 -1.00003 0.218787
0 0 0 -1.00003 -0.976165 -1.00003 0.218787
0 0 0 -1.00003 -0.976165 -1.00003 0.218787
0 0 0 -1.00003 -0.976165 -1.00003 0.218787
0 0 0 -1.00003 -0.976165 -1.00003 0.218787
0 0 0 -1.00003 -0.976165 -1.00003 0.218787
0 0 0 -1.00003 -0.976165 -1.00003 0.218787
0 0 0 -1.00003 -0.976165 -1.00003 0.218787
0 0 0 -1.00003 -0.976165 -1.00003 0.218787
0 0 0 -1.00003 -0.976165 -1.00003 0.218787
0 0 0 -1.00003 -0.992035 -1.00003 0.218787
0 0 0 -1.00003 -0.992035 -1.00003 0.218787
0 0 0 -1.00003 -0.992035 -1.00003 0.218787
0 0 0 -1.00003 -0.992035 -1.00003 0.218787
0 0 0 -1.00003 -0.992035 -1.00003 0.218787
0 0 0 -1.00003 -0.992035 -1.00003 0.218787
0 0 0 -1.00003 -0.992035 -1.00003 0.218787
0 0 0 -1.00003 -0.992035 -1.00003 0.218787
0 0 0 -1.00003 -0.992035 -1.00003 0.218787
0 0 0 -1.00003 -0.992035 -1.00003 0.218787
0 0 0 -1.00003 -0.992035 -1.00003 0.218787
0 0 0 -1.00003 -0.992035 -1.00003 0.218787
0 0 0 -1.00003 -0.992035 -1.00003 0.218787
0 0 0 -1.00003 -0.992035 -1.00003 0.218787
0 0 0 -1.00003 -0.992035 -1.00003 0.218787
0 0 0 -1.00003 -0.992035 -1.00003 0.218787
0 0 0 -1.00003 -0.992035 -1.00003 0.218787
0 0 0 -1.00003 -0.992035 -1.00003 0.218787
0 0 0 -1.00003 -0.992035 -1.00003 0.218787
0 0 0 -1.00003 -0.992035 -1.00003 0.218787
0 0 0 -1.00003 -0.992035 -1.00003 0.218787
0 0 0 -1.00003 -0.992035 -1.00003 0.218787
0 0 0 -1.00003 -0.992035 -1.00003 0.218787
0 0 0 -1.00003 -0.992035 -1.00003 0.218787
0 0 0 -1.00003 -0.992035 -1.00003 0.218787
0 0 0 -1.00003 -0.992035 -1.00003 0.218787
0 0 0 -1.00003 -0.992035 -1.00003 0.218787
0 0 0 -1.00003 -0.992035 -1.00003 0.218787
0 0 0 -1.00003 -0.992035 -1.00003 0.218787
0 0 0 -1.00003 -0.992035 -1.00003 0.218787
0 0 0 -1.00003 -0.992035 -1.00003 0.218787
0 0 0 -1.00003 -0.992035 -1.00003 0.218787
0 0 0 -1.00003 -0.992035 -1.00003 0.218787
0 0 0 -1.00003 -0.992035 -1.00003 0.218787
0 0 0 -1.00003 -0.992035 -1.00003 0.218787
0 0 0 -1.00003 -0.992035 -1.00003 0.218787
0 0 0 -1.00003 -0.992035 -1.00003 0.218787
0 0 0 -1.00003 -0.992035 -1.00003 0.218787
0 0 0 -1.00003 -0.992035 -1.00003 0.218787
0 0 0 -1.00003 -0.992035 -1.00003 0.218787
0 0 0 -1.00003 -0.992035 -1.00003 0.218787
0 0 0 -1.00003 -0.992035 -1.00003 0.218787
0 0 0 -1.00003 -0.992035 -1.00003 0.218787
0 0 0 -1.00003 -0.992035 -1.00003 0.218787
0 0 0 -1.00003 -0.992035 -1.00003 0.218787
0 0 0 -1.00003 -0.992035 -1.00003 0.218787
0 0 0 -1.00003 -0.992035 -1.00003 0.218787
0 0 0 -1.00003 -0.992035 -1.00003 0.218787
0 0 0 -1.00003 -0.992035 -1.00003 0.218787
0 0 0 -1.00003 -0.992035 -1.00003 0.218787
0 0 0 -1.00003 -0.992035 -1.00003 0.218787
0 0 0 -1.00003 -0.992035 -1.00003 0.218787
0 0 0 -1.00003 -0.992035 -1.00003 0.218787
0 0 0 -1.00003 -0.992035 -1.00003 0.218787
0 0 0 -1.00003 -0.992035 -1.00003 0.218787
0 0 0 -1.00003 -0.992035 -1.00003 0.218787
0 0 0 -1.00003 -0.992035 -1.00003 0.218787
0 0 0 -1.00003 -0.992035 -1.00003 0.218787
0 0 0 -1.00003 -0.992035 -1.00003 0.218787
0 0 0 -1.00003 -0.992035 -1.00003 0.218787
0 0 0 -1.00003 -0.992035 -1.00003 0.218787
0 0 0 -1.00003 -0.992035 -1.00003 0.218787
0 0 0 -1.00003 -0.992035 -1.00003 0.218787
0 0 0 -1.00003 -0.992035 -1.00003 0.218787
0 0 0 -1.00003 -0.992035 -1.00003 0.218787
0 0 0 -1.00003 -0.992035 -1.00003 0.218787
0 0 0 -1.00003 -0.992035 -1.00003 0.218787
0 0 0 -1.00003 -0.992035 -1.00003 0.218787
0 0 0 -1.00003 -0.992035 -1.00003 0.218787
0 0 0 -1.00003 -0.992035 -1.00003 0.218787
0 0 0 -1.00003 -0.992035 -1.00003 0.218787
0 0 0 -1.00003 -0.992035 -1.00003 0.218787
0 0 0 -1.00003 -0.992035 -1.00003 0.218787
0 0 0 -1.00003 -0.992035 -1.00003 0.218787
0 0 0 -1.00003 -0.992035 -1.00003 0.218787
0 0 0 -1.00003 -0.992035 -1.00003 0.218787
0 0 0 -1.00003 -0.992035 -1.00003 0.218787
0 0 0 -1.00003 -0.992035 -1.00003 0.218787
0 0 0 -1.00003 -0.992035 -1.00003 0.218787
0 0 0 -1.00003 -0.992035 -1.00003 0.218787
0 0 0 -1.00003 -0.992035 -1.00003 0.218787
0 0 0 -1.00003 -0.992035 -1.00003 0.218787
0 0 0 -1.00003 -0.992035 -1.00003 0.218787
0 0 0 -1.00003 -0.992035 -1.00003 0.218787
0 0 0 -1.00003 -0.992035 -1.00003 0.218787
0 0 0 -1.00003 -0.992035 -1.00003 0.218787
0 0 0 -1.00003 -0.992035 -1.00003 0.218787
0 0 0 -1.00003 -0.992035 -1.00003 0.218787
0 0 0 -1.00003 -0.992035 -1.00003 0.218787
0 0 0 -1.00003 -0.992035 -1.00003 0.218787
0 0 0 -1.00003 -0.952361 -1.00003 0.218787
0 0 0 -1.00003 -0.952361 -1.00003 0.218787
0 0 0 -1.00003 -0.952361 -1.00003 0.218787
0 0 0 -1.00003 -0.952361 -1.00003 0.218787
0 0 0 -1.00003 -0.952361 -1.00003 0.218787
0 0 0 -1.00003 -0.952361 -1.00003 0.218787
0 0 0 -1.00003 -0.952361 -1.00003 0.218787
0 0 0 -1.00003 -0.952361 -1.00003 0.218787
0 0 0 -1.00003 -0.952361 -1.00003 0.218787
0 0 0 -1.00003 -0.952361 -1.00003 0.218787
0 0 0 -1.00003 -0.928556 -1.00003 0.218787
0 0 0 -1.00003 -0.928556 -1.00003 0.218787
0 0 0 -1.00003 -0.928556 -1.00003 0.218787
0 0 0 -1.00003 -0.928556 -1.00003 0.218787
0 0 0 -1.00003 -0.928556 -1.00003 0.218787
0 0 0 -1.00003 -0.896817 -1.00003 0.218787
0 0 0 -1.00003 -0.896817 -1.00003 0.218787
0 0 0 -1.00003 -0.896817 -1.00003 0.218787
0 0 0 -1.00003 -0.896817 -1.00003 0.218787
0 0 0 -1.00003 -0.896817 -1.00003 0.218787
0 0 0 -0.914121 -0.833308 -1.00003 0.218787
0 0 0 -0.914121 -0.833308 -1.00003 0.218787
0 0 0 -0.914121 -0.833308 -1.00003 0.218787
0 0 0 -0.914121 -0.833308 -1.00003 0.218787
0 0 0 -0.914121 -0.833308 -1.00003 0.218787
