0 0 0 -1.00003 -0.626972 -0.890683 -0.944426
0 0 0 -1.00003 -0.626972 -0.890683 -0.944426
0 0 0 -1.00003 -0.626972 -0.890683 -0.944426
0 0 0 -1.00003 -0.626972 -0.890683 -0.944426
0 0 0 -1.00003 -0.626972 -0.890683 -0.944426
0 0 0 -1.00003 -0.626972 -0.890683 -0.944426
0 0 0 -1.00003 -0.626972 -0.890683 -0.944426
0 0 0 -1.00003 -0.626972 -0.890683 -0.944426
0 0 0 -1.00003 -0.626972 -0.890683 -0.944426
0 0 0 -1.00003 -0.626972 -0.890683 -0.944426
0 0 0 -1.00003 -0.626972 -0.890683 -0.944426
0 0 0 -1.00003 -0.626972 -0.890683 -0.944426
0 0 0 -1.00003 -0.626972 -0.890683 -0.944426
0 0 0 -1.00003 -0.626972 -0.890683 -0.944426
0 0 0 -1.00003 -0.626972 -0.890683 -0.944426
0 0 0 -1.00003 -0.626972 -0.890683 -0.944426
0 0 0 -1.00003 -0.626972 -0.890683 -0.944426
0 0 0 -1.00003 -0.626972 -0.890683 -0.944426
0 0 0 -1.00003 -0.626972 -0.890683 -0.944426
0 0 0 -1.00003 -0.626972 -0.890683 -0.944426
0 0 0 -1.00003 -0.619037 -0.890683 -0.944426
0 0 0 -1.00003 -0.619037 -0.890683 -0.944426
0 0 0 -1.00003 -0.619037 -0.890683 -0.944426
0 0 0 -1.00003 -0.619037 -0.890683 -0.944426
0 0 0 -1.00003 -0.619037 -0.890683 -0.944426
0 0 0 -1.00003 -0.619037 -0.890683 -0.944426
0 0 0 -1.00003 -0.619037 -0.890683 -0.944426
0 0 0 -1.00003 -0.619037 -0.890683 -0.944426
0 0 0 -1.00003 -0.619037 -0.890683 -0.944426
0 0 0 -1.00003 -0.619037 -0.890683 -0.944426
0 0 0 -1.00003 -0.595233 -0.890683 -0.944426
0 0 0 -1.00003 -0.595233 -0.890683 -0.944426
0 0 0 -1.00003 -0.595233 -0.890683 -0.944426
0 0 0 -1.00003 -0.595233 -0.890683 -0.944426
0 0 0 -1.00003 -0.595233 -0.890683 -0.944426
0 0 0 -1.00003 -0.595233 -0.890683 -0.944426
0 0 0 -1.00003 -0.595233 -0.890683 -0.944426
0 0 0 -1.00003 -0.595233 -0.890683 -0.944426
0 0 0 -1.00003 -0.595233 -0.890683 -0.944426
0 0 0 -1.00003 -0.595233 -0.890683 -0.944426
0 0 0 -1.00003 -0.595233 -0.890683 -0.944426
0 0 0 -1.00003 -0.595233 -0.890683 -0.944426
0 0 0 -1.00003 -0.595233 -0.890683 -0.944426
0 0 0 -1.00003 -0.595233 -0.890683 -0.944426
0 0 0 -1.00003 -0.595233 -0.890683 -0.944426
0 0 0 -1.00003 -0.595233 -0.890683 -0.944426
0 0 0 -1.00003 -0.595233 -0.890683 -0.944426
0 0 0 -1.00003 -0.595233 -0.890683 -0.944426
0 0 0 -1.00003 -0.595233 -0.890683 -0.944426
0 0 0 -1.00003 -0.595233 -0.890683 -0.944426
0 0 0 -1.00003 -0.595233 -0.890683 -0.944426
0 0 0 -1.00003 -0.595233 -0.890683 -0.944426
0 0 0 -1.00003 -0.595233 -0.890683 -0.944426
0 0 0 -1.00003 -0.595233 -0.890683 -0.944426
0 0 0 -1.00003 -0.595233 -0.890683 -0.944426
0 0 0 -1.00003 -0.595233 -0.890683 -0.944426
0 0 0 -1.00003 -0.595233 -0.890683 -0.944426
0 0 0 -1.00003 -0.595233 -0.890683 -0.944426
0 0 0 -1.00003 -0.595233 -0.890683 -0.944426
0 0 0 -1.00003 -0.595233 -0.890683 -0.944426
0 0 0 -1.00003 -0.595233 -0.890683 -0.944426
0 0 0 -1.00003 -0.595233 -0.890683 -0.944426
0 0 0 -1.00003 -0.595233 -0.890683 -0.944426
0 0 0 -1.00003 -0.595233 -0.890683 -0.944426
0 0 0 -1.00003 -0.595233 -0.890683 -0.944426
0 0 0 -1.00003 -0.595233 -0.890683 -0.944426
0 0 0 -1.00003 -0.595233 -0.890683 -0.944426
0 0 0 -1.00003 -0.595233 -0.890683 -0.944426
0 0 0 -1.00003 -0.595233 -0.890683 -0.944426
0 0 0 -1.00003 -0.595233 -0.890683 -0.944426
0 0 0 -1.00003 -0.595233 -0.890683 -0.944426
0 0 0 -1.00003 -0.595233 -0.890683 -0.944426
0 0 0 -1.00003 -0.595233 -0.890683 -0.944426
0 0 0 -1.00003 -0.595233 -0.890683 -0.944426
0 0 0 -1.00003 -0.595233 -0.890683 -0.944426
0 0 0 -1.00003 -0.595233 -0.890683 -0.944426
0 0 0 -1.00003 -0.595233 -0.890683 -0.944426
0 0 0 -1.00003 -0.595233 -0.890683 -0.944426
0 0 0 -1.00003 -0.595233 -0.890683 -0.944426
0 0 0 -1.00003 -0.595233 -0.890683 -0.944426
0 0 0 -1.00003 -0.595233 -0.890683 -0.944426
0 0 0 -1.00003 -0.595233 -0.890683 -0.944426
0 0 0 -1.00003 -0.595233 -0.890683 -0.944426
0 0 0 -1.00003 -0.595233 -0.890683 -0.944426
0 0 0 -1.00003 -0.595233 -0.890683 -0.944426
0 0 0 -1.00003 -0.595233 -0.890683 -0.944426
0 0 0 -1.00003 -0.595233 -0.890683 -0.944426
0 0 0 -1.00003 -0.595233 -0.890683 -0.944426
0 0 0 -1.00003 -0.595233 -0.890683 -0.944426
0 0 0 -1.00003 -0.595233 -0.890683 -0.944426
0 0 0 -1.00003 -0.595233 -0.890683 -0.944426
0 0 0 -1.00003 -0.595233 -0.890683 -0.944426
0 0 0 -1.00003 -0.595233 -0.890683 -0.944426
0 0 0 -1.00003 -0.595233 -0.890683 -0.944426
0 0 0 -1.00003 -0.595233 -0.890683 -0.944426
0 0 0 -1.00003 -0.595233 -0.890683 -0.944426
0 0 0 -1.00003 -0.595233 -0.890683 -0.944426
0 0 0 -1.00003 -0.595233 -0.890683 -0.944426
0 0 0 -1.00003 -0.595233 -0.890683 -0.944426
0 0 0 -1.00003 -0.595233 -0.890683 -0.944426
0 0 0 -1.00003 -0.595233 -0.890683 -0.944426
0 0 0 -1.00003 -0.595233 -0.890683 -0.944426
0 0 0 -1.00003 -0.595233 -0.890683 -0.944426
0 0 0 -1.00003 -0.595233 -0.890683 -0.944426
0 0 0 -1.00003 -0.595233 -0.890683 -0.944426
0 0 0 -1.00003 -0.595233 -0.890683 -0.944426
0 0 0 -1.00003 -0.595233 -0.890683 -0.944426
0 0 0 -1.00003 -0.595233 -0.890683 -0.944426
0 0 0 -1.00003 -0.595233 -0.890683 -0.944426
0 0 0 -1.00003 -0.595233 -0.890683 -0.944426
0 0 0 -1.00003 -0.595233 -0.890683 -0.944426
0 0 0 -1.00003 -0.595233 -0.890683 -0.944426
0 0 0 -1.00003 -0.595233 -0.890683 -0.944426
0 0 0 -1.00003 -0.595233 -0.890683 -0.944426
0 0 0 -1.00003 -0.595233 -0.890683 -0.944426
0 0 0 -1.00003 -0.595233 -0.890683 -0.944426
0 0 0 -1.00003 -0.595233 -0.890683 -0.944426
0 0 0 -1.00003 -0.595233 -0.890683 -0.944426
0 0 0 -1.00003 -0.595233 -0.890683 -0.944426
0 0 0 -1.00003 -0.595233 -0.890683 -0.944426
0 0 0 -1.00003 -0.595233 -0.890683 -0.944426
0 0 0 -1.00003 -0.595233 -0.890683 -0.944426
0 0 0 -1.00003 -0.595233 -0.890683 -0.944426
0 0 0 -1.00003 -0.595233 -0.890683 -0.944426
0 0 0 -1.00003 -0.595233 -0.890683 -0.944426
0 0 0 -1.00003 -0.595233 -0.890683 -0.944426
0 0 0 -1.00003 -0.595233 -0.890683 -0.944426
0 0 0 -1.00003 -0.595233 -0.890683 -0.944426
0 0 0 -1.00003 -0.595233 -0.890683 -0.944426
0 0 0 -1.00003 -0.595233 -0.890683 -0.944426
0 0 0 -1.00003 -0.595233 -0.890683 -0.944426
0 0 0 -1.00003 -0.595233 -0.890683 -0.944426
0 0 0 -1.00003 -0.595233 -0.890683 -0.944426
0 0 0 -1.00003 -0.595233 -0.890683 -0.944426
0 0 0 -1.00003 -0.595233 -0.890683 -0.944426
0 0 0 -1.00003 -0.595233 -0.890683 -0.944426
0 0 0 -1.00003 -0.595233 -0.890683 -0.944426
0 0 0 -1.00003 -0.595233 -0.890683 -0.944426
0 0 0 -1.00003 -0.595233 -0.890683 -0.944426
0 0 0 -1.00003 -0.595233 -0.890683 -0.944426
0 0 0 -1.00003 -0.595233 -0.890683 -0.944426
0 0 0 -1.00003 -0.595233 -0.890683 -0.944426
0 0 0 -1.00003 -0.595233 -0.890683 -0.944426
0 0 0 -1.00003 -0.595233 -0.890683 -0.944426
0 0 0 -1.00003 -0.595233 -0.890683 -0.944426
0 0 0 -1.00003 -0.595233 -0.859432 -0.944426
0 0 0 -1.00003 -0.595233 -0.859432 -0.944426
0 0 0 -1.00003 -0.595233 -0.859432 -0.944426
0 0 0 -1.00003 -0.595233 -0.859432 -0.944426
0 0 0 -1.00003 -0.595233 -0.859432 -0.944426
0 0 0 -1.00003 -0.595233 -0.851619 -0.944426
0 0 0 -1.00003 -0.595233 -0.851619 -0.944426
0 0 0 -1.00003 -0.595233 -0.851619 -0.944426
0 0 0 -1.00003 -0.595233 -0.851619 -0.944426
0 0 0 -1.00003 -0.595233 -0.851619 -0.944426
0 0 0 -1.00003 -0.595233 -0.835994 -0.928556
0 0 0 -1.00003 -0.595233 -0.835994 -0.928556
0 0 0 -1.00003 -0.595233 -0.835994 -0.928556
0 0 0 -1.00003 -0.595233 -0.835994 -0.928556
0 0 0 -1.00003 -0.595233 -0.835994 -0.928556
0 0 0 -1.00003 -0.595233 -0.820368 -0.896817
0 0 0 -1.00003 -0.595233 -0.820368 -0.896817
0 0 0 -1.00003 -0.595233 -0.820368 -0.896817
0 0 0 -1.00003 -0.595233 -0.820368 -0.896817
0 0 0 -1.00003 -0.595233 -0.820368 -0.896817
0 0 0 -1.00003 -0.595233 -0.79693 -0.873012
0 0 0 -1.00003 -0.595233 -0.79693 -0.873012
0 0 0 -1.00003 -0.595233 -0.79693 -0.873012
0 0 0 -1.00003 -0.595233 -0.79693 -0.873012
0 0 0 -1.00003 -0.595233 -0.79693 -0.873012
0 0 0 -1.00003 -0.626972 -0.757866 -0.833308
0 0 0 -1.00003 -0.626972 -0.757866 -0.833308
0 0 0 -1.00003 -0.626972 -0.757866 -0.833308
0 0 0 -1.00003 -0.626972 -0.757866 -0.833308
0 0 0 -1.00003 -0.626972 -0.757866 -0.833308
0 0 0 -1.00003 -0.634907 -0.71099 -0.777764
0 0 0 -1.00003 -0.634907 -0.71099 -0.777764
0 0 0 -1.00003 -0.634907 -0.71099 -0.777764
0 0 0 -1.00003 -0.634907 -0.71099 -0.777764
0 0 0 -1.00003 -0.634907 -0.71099 -0.777764
0 0 0 -1.00003 -0.650777 -0.664113 -0.714286
0 0 0 -1.00003 -0.650777 -0.664113 -0.714286
0 0 0 -1.00003 -0.650777 -0.664113 -0.714286
0 0 0 -1.00003 -0.650777 -0.664113 -0.714286
0 0 0 -1.00003 -0.650777 -0.664113 -0.714286
0 0 0 -1.00003 -0.650777 -0.218787 -0.269814
0 0 0 -1.00003 -0.650777 -0.218787 -0.269814
0 0 0 -1.00003 -0.650777 -0.218787 -0.269814
0 0 0 -1.00003 -0.650777 -0.218787 -0.269814
0 0 0 -1.00003 -0.650777 -0.218787 -0.269814
0 0 0 -1.00003 -0.690451 -3.05185e-005 3.05185e-005
0 0 0 -1.00003 -0.690451 -3.05185e-005 3.05185e-005
0 0 0 -1.00003 -0.690451 -3.05185e-005 3.05185e-005
0 0 0 -1.00003 -0.690451 -3.05185e-005 3.05185e-005
0 0 0 -1.00003 -0.690451 -3.05185e-005 3.05185e-005
0 0 0 -1.00003 -0.690451 -3.05185e-005 3.05185e-005
0 0 0 -1.00003 -0.690451 -3.05185e-005 3.05185e-005
0 0 0 -1.00003 -0.690451 -3.05185e-005 3.05185e-005
0 0 0 -1.00003 -0.690451 -3.05185e-005 3.05185e-005
0 0 0 -1.00003 -0.690451 -3.05185e-005 3.05185e-005
0 0 0 -1.00003 -0.690451 -3.05185e-005 3.05185e-005
0 0 0 -1.00003 -0.690451 -3.05185e-005 3.05185e-005
0 0 0 -1.00003 -0.690451 -3.05185e-005 3.05185e-005
0 0 0 -1.00003 -0.690451 -3.05185e-005 3.05185e-005
0 0 0 -1.00003 -0.690451 -3.05185e-005 3.05185e-005
0 0 0 -1.00003 -0.690451 -3.05185e-005 3.05185e-005
0 0 0 -1.00003 -0.690451 -3.05185e-005 3.05185e-005
0 0 0 -1.00003 -0.690451 -3.05185e-005 3.05185e-005
0 0 0 -1.00003 -0.690451 -3.05185e-005 3.05185e-005
0 0 0 -1.00003 -0.690451 -3.05185e-005 3.05185e-005
0 0 0 -1.00003 -0.690451 -3.05185e-005 3.05185e-005
0 0 0 -1.00003 -0.690451 -3.05185e-005 3.05185e-005
0 0 0 -1.00003 -0.690451 -3.05185e-005 3.05185e-005
0 0 0 -1.00003 -0.690451 -3.05185e-005 3.05185e-005
0 0 0 -1.00003 -0.690451 -3.05185e-005 3.05185e-005
0 0 0 -1.00003 -0.690451 -3.05185e-005 3.05185e-005
0 0 0 -1.00003 -0.690451 -3.05185e-005 3.05185e-005
0 0 0 -1.00003 -0.690451 -3.05185e-005 3.05185e-005
0 0 0 -1.00003 -0.690451 -3.05185e-005 3.05185e-005
0 0 0 -1.00003 -0.690451 -3.05185e-005 3.05185e-005
0 0 0 -1.00003 -0.690451 -3.05185e-005 3.05185e-005
0 0 0 -1.00003 -0.690451 -3.05185e-005 3.05185e-005
0 0 0 -1.00003 -0.690451 -3.05185e-005 3.05185e-005
0 0 0 -1.00003 -0.690451 -3.05185e-005 3.05185e-005
0 0 0 -1.00003 -0.690451 -3.05185e-005 3.05185e-005
0 0 0 -1.00003 -0.690451 -3.05185e-005 3.05185e-005
0 0 0 -1.00003 -0.690451 -3.05185e-005 3.05185e-005
0 0 0 -1.00003 -0.690451 -3.05185e-005 3.05185e-005
0 0 0 -1.00003 -0.690451 -3.05185e-005 3.05185e-005
0 0 0 -1.00003 -0.690451 -3.05185e-005 3.05185e-005
0 0 0 -1.00003 -0.690451 -3.05185e-005 3.05185e-005
0 0 0 -1.00003 -0.690451 -3.05185e-005 3.05185e-005
0 0 0 -1.00003 -0.690451 -3.05185e-005 3.05185e-005
0 0 0 -1.00003 -0.690451 -3.05185e-005 3.05185e-005
0 0 0 -1.00003 -0.690451 -3.05185e-005 3.05185e-005
0 0 0 -1.00003 -0.650777 -3.05185e-005 3.05185e-005
0 0 0 -1.00003 -0.650777 -3.05185e-005 3.05185e-005
0 0 0 -1.00003 -0.650777 -3.05185e-005 3.05185e-005
0 0 0 -1.00003 -0.650777 -3.05185e-005 3.05185e-005
0 0 0 -1.00003 -0.650777 -3.05185e-005 3.05185e-005
0 0 0 -1.00003 -0.626972 -3.05185e-005 3.05185e-005
0 0 0 -1.00003 -0.626972 -3.05185e-005 3.05185e-005
0 0 0 -1.00003 -0.626972 -3.05185e-005 3.05185e-005
0 0 0 -1.00003 -0.626972 -3.05185e-005 3.05185e-005
0 0 0 -1.00003 -0.626972 -3.05185e-005 3.05185e-005
0 0 0 -1.00003 -0.619037 -3.05185e-005 3.05185e-005
0 0 0 -1.00003 -0.619037 -3.05185e-005 3.05185e-005
0 0 0 -1.00003 -0.619037 -3.05185e-005 3.05185e-005
0 0 0 -1.00003 -0.619037 -3.05185e-005 3.05185e-005
0 0 0 -1.00003 -0.619037 -3.05185e-005 3.05185e-005
0 0 0 -1.00003 -0.587298 -3.05185e-005 3.05185e-005
0 0 0 -1.00003 -0.587298 -3.05185e-005 3.05185e-005
0 0 0 -1.00003 -0.587298 -3.05185e-005 3.05185e-005
0 0 0 -1.00003 -0.587298 -3.05185e-005 3.05185e-005
0 0 0 -1.00003 -0.587298 -3.05185e-005 3.05185e-005
0 0 0 -0.945372 -0.555528 -3.05185e-005 3.05185e-005
0 0 0 -0.945372 -0.555528 -3.05185e-005 3.05185e-005
0 0 0 -0.945372 -0.555528 -3.05185e-005 3.05185e-005
0 0 0 -0.945372 -0.555528 -3.05185e-005 3.05185e-005
0 0 0 -0.945372 -0.555528 -3.05185e-005 3.05185e-005
0 0 0 -0.835994 -0.49205 -3.05185e-005 3.05185e-005
0 0 0 -0.835994 -0.49205 -3.05185e-005 3.05185e-005
0 0 0 -0.835994 -0.49205 -3.05185e-005 3.05185e-005
0 0 0 -0.835994 -0.49205 -3.05185e-005 3.05185e-005
0 0 0 -0.835994 -0.49205 -3.05185e-005 3.05185e-005
0 0 0 -0.750053 -0.412671 -3.05185e-005 3.05185e-005
0 0 0 -0.750053 -0.412671 -3.05185e-005 3.05185e-005
0 0 0 -0.750053 -0.412671 -3.05185e-005 3.05185e-005
0 0 0 -0.750053 -0.412671 -3.05185e-005 3.05185e-005
0 0 0 -0.750053 -0.412671 -3.05185e-005 3.05185e-005
0 0 0 -0.734428 -0.365062 -3.05185e-005 3.05185e-005
0 0 0 -0.734428 -0.365062 -3.05185e-005 3.05185e-005
0 0 0 -0.734428 -0.365062 -3.05185e-005 3.05185e-005
0 0 0 -0.734428 -0.365062 -3.05185e-005 3.05185e-005
0 0 0 -0.718802 -0.333323 -3.05185e-005 3.05185e-005
0 0 0 -0.703177 -0.317454 -3.05185e-005 3.05185e-005
0 0 0 -0.703177 -0.317454 -3.05185e-005 3.05185e-005
0 0 0 -0.703177 -0.317454 -3.05185e-005 3.05185e-005
0 0 0 -0.703177 -0.317454 -3.05185e-005 3.05185e-005
0 0 0 -0.664113 -0.277749 -3.05185e-005 3.05185e-005
0 0 0 -0.632862 -0.269814 -3.05185e-005 3.05185e-005
0 0 0 -0.632862 -0.269814 -3.05185e-005 3.05185e-005
0 0 0 -0.601611 -0.238075 -3.05185e-005 3.05185e-005
0 0 0 -0.601611 -0.238075 -3.05185e-005 3.05185e-005
0 0 0 -0.601611 -0.238075 -3.05185e-005 3.05185e-005
0 0 0 -0.546922 -0.198401 -3.05185e-005 3.05185e-005
0 0 0 -0.546922 -0.198401 -3.05185e-005 3.05185e-005
0 0 0 -0.546922 -0.198401 -3.05185e-005 3.05185e-005
0 0 0 -0.515671 -0.174596 -3.05185e-005 3.05185e-005
0 0 0 -0.515671 -0.174596 -3.05185e-005 3.05185e-005
0 0 0 -0.476608 -0.119022 -3.05185e-005 3.05185e-005
0 0 0 -0.476608 -0.119022 -3.05185e-005 3.05185e-005
0 0 0 -0.406293 -0.0634785 -3.05185e-005 3.05185e-005
0 0 0 -0.406293 -0.0634785 -3.05185e-005 3.05185e-005
0 0 0 -0.406293 -0.0634785 -3.05185e-005 3.05185e-005
0 0 0 -0.320353 -0 -3.05185e-005 3.05185e-005
0 0 0 -0.320353 -0 -3.05185e-005 3.05185e-005
0 0 0 -0.289102 -0 -3.05185e-005 3.05185e-005
0 0 0 -0.289102 -0 -3.05185e-005 3.05185e-005
0 0 0 -0.289102 -0 -3.05185e-005 3.05185e-005
0 0 0 -0.148473 0.0859706 -3.05185e-005 3.05185e-005
0 0 0 -0.148473 0.0859706 -3.05185e-005 3.05185e-005
0 0 0 -0.148473 0.0859706 -3.05185e-005 3.05185e-005
0 0 0 -0.148473 0.0859706 -3.05185e-005 3.05185e-005
0 0 0 -0.148473 0.0859706 -3.05185e-005 3.05185e-005
0 0 0 -0.00784326 0.132847 -3.05185e-005 3.05185e-005
0 0 0 -0.00784326 0.132847 -3.05185e-005 3.05185e-005
0 0 0 -0.00784326 0.132847 -3.05185e-005 3.05185e-005
0 0 0 -0.00784326 0.132847 -3.05185e-005 3.05185e-005
0 0 0 -0.00784326 0.132847 -3.05185e-005 3.05185e-005
0 0 0 -0.00784326 0.132847 -3.05185e-005 3.05185e-005
0 0 0 -0.00784326 0.132847 -3.05185e-005 3.05185e-005
0 0 0 -0.00784326 0.132847 -3.05185e-005 3.05185e-005
0 0 0 -0.00784326 0.132847 -3.05185e-005 3.05185e-005
0 0 0 -0.00784326 0.132847 -3.05185e-005 3.05185e-005
0 0 0 -3.05185e-005 0.164098 -3.05185e-005 3.05185e-005
0 0 0 -3.05185e-005 0.164098 -3.05185e-005 3.05185e-005
0 0 0 -3.05185e-005 0.164098 -3.05185e-005 3.05185e-005
0 0 0 -3.05185e-005 0.164098 -3.05185e-005 3.05185e-005
0 0 0 -3.05185e-005 0.164098 -3.05185e-005 3.05185e-005
0 0 0 -3.05185e-005 0.164098 -3.05185e-005 3.05185e-005
0 0 0 -3.05185e-005 0.164098 -3.05185e-005 3.05185e-005
0 0 0 -3.05185e-005 0.164098 -3.05185e-005 3.05185e-005
0 0 0 -3.05185e-005 0.164098 -3.05185e-005 3.05185e-005
0 0 0 -3.05185e-005 0.164098 -3.05185e-005 3.05185e-005
0 0 0 -3.05185e-005 0.179724 -3.05185e-005 3.05185e-005
0 0 0 -3.05185e-005 0.179724 -3.05185e-005 3.05185e-005
0 0 0 -3.05185e-005 0.179724 -3.05185e-005 3.05185e-005
0 0 0 -3.05185e-005 0.179724 -3.05185e-005 3.05185e-005
0 0 0 -3.05185e-005 0.179724 -3.05185e-005 3.05185e-005
0 0 0 -3.05185e-005 0.179724 -3.05185e-005 3.05185e-005
0 0 0 -3.05185e-005 0.179724 -3.05185e-005 3.05185e-005
0 0 0 -3.05185e-005 0.179724 -3.05185e-005 3.05185e-005
0 0 0 -3.05185e-005 0.179724 -3.05185e-005 3.05185e-005
0 0 0 -3.05185e-005 0.179724 -3.05185e-005 3.05185e-005
0 0 0 0.00793481 0.195349 -3.05185e-005 3.05185e-005
0 0 0 0.00793481 0.195349 -3.05185e-005 3.05185e-005
0 0 0 0.00793481 0.195349 -3.05185e-005 3.05185e-005
0 0 0 0.00793481 0.195349 -3.05185e-005 3.05185e-005
0 0 0 0.00793481 0.195349 -3.05185e-005 3.05185e-005
0 0 0 0.00793481 0.195349 -3.05185e-005 3.05185e-005
0 0 0 0.00793481 0.195349 -3.05185e-005 3.05185e-005
0 0 0 0.00793481 0.195349 -3.05185e-005 3.05185e-005
0 0 0 0.00793481 0.195349 -3.05185e-005 3.05185e-005
0 0 0 0.00793481 0.195349 -3.05185e-005 3.05185e-005
0 0 0 0.00793481 0.210974 -3.05185e-005 3.05185e-005
0 0 0 0.00793481 0.210974 -3.05185e-005 3.05185e-005
0 0 0 0.00793481 0.210974 -3.05185e-005 3.05185e-005
0 0 0 0.00793481 0.210974 -3.05185e-005 3.05185e-005
0 0 0 0.00793481 0.210974 -3.05185e-005 3.05185e-005
0 0 0 0.0317392 0.210974 -3.05185e-005 3.05185e-005
0 0 0 0.0476089 0.210974 -3.05185e-005 3.05185e-005
0 0 0 0.0476089 0.210974 -3.05185e-005 3.05185e-005
0 0 0 0.0476089 0.210974 -3.05185e-005 3.05185e-005
0 0 0 0.0476089 0.210974 -3.05185e-005 3.05185e-005
0 0 0 0.111087 0.257851 -3.05185e-005 3.05185e-005
0 0 0 0.111087 0.257851 -3.05185e-005 3.05185e-005
0 0 0 0.111087 0.257851 -3.05185e-005 3.05185e-005
0 0 0 0.111087 0.257851 -3.05185e-005 3.05185e-005
0 0 0 0.111087 0.304727 -3.05185e-005 3.05185e-005
0 0 0 0.150792 0.335978 -3.05185e-005 3.05185e-005
0 0 0 0.158727 0.367229 -3.05185e-005 3.05185e-005
0 0 0 0.158727 0.367229 -3.05185e-005 3.05185e-005
0 0 0 0.158727 0.367229 -3.05185e-005 3.05185e-005
0 0 0 0.158727 0.367229 -3.05185e-005 3.05185e-005
0 0 0 0.238075 0.507859 -3.05185e-005 3.05185e-005
0 0 0 0.238075 0.507859 -3.05185e-005 3.05185e-005
0 0 0 0.238075 0.507859 -3.05185e-005 3.05185e-005
0 0 0 0.238075 0.507859 -3.05185e-005 3.05185e-005
0 0 0 0.24601 0.523484 -3.05185e-005 3.05185e-005
0 0 0 0.309519 0.664113 -3.05185e-005 3.05185e-005
0 0 0 0.309519 0.664113 -3.05185e-005 3.05185e-005
0 0 0 0.309519 0.664113 -3.05185e-005 3.05185e-005
0 0 0 0.309519 0.664113 -3.05185e-005 3.05185e-005
0 0 0 0.309519 0.664113 -3.05185e-005 3.05185e-005
0 0 0 0.388867 0.820368 -3.05185e-005 3.05185e-005
0 0 0 0.388867 0.820368 -3.05185e-005 3.05185e-005
0 0 0 0.388867 0.820368 -3.05185e-005 3.05185e-005
0 0 0 0.388867 0.820368 -3.05185e-005 3.05185e-005
0 0 0 0.428571 0.851619 -3.05185e-005 3.05185e-005
0 0 0 0.452376 0.898495 -3.05185e-005 3.05185e-005
0 0 0 0.452376 0.898495 -3.05185e-005 3.05185e-005
0 0 0 0.49205 0.929746 -3.05185e-005 3.05185e-005
0 0 0 0.49205 0.929746 -3.05185e-005 3.05185e-005
0 0 0 0.49205 0.929746 -3.05185e-005 3.05185e-005
0 0 0 0.499985 0.976623 -3.05185e-005 3.05185e-005
0 0 0 0.499985 0.976623 -3.05185e-005 3.05185e-005
0 0 0 0.523789 1.00003 -3.05185e-005 3.05185e-005
0 0 0 0.523789 1.00003 -3.05185e-005 3.05185e-005
0 0 0 0.523789 1.00003 -3.05185e-005 3.05185e-005
0 0 0 0.531724 1.00003 -3.05185e-005 3.05185e-005
0 0 0 0.563463 1.00003 -3.05185e-005 3.05185e-005
0 0 0 0.563463 1.00003 -3.05185e-005 3.05185e-005
0 0 0 0.563463 1.00003 -3.05185e-005 3.05185e-005
0 0 0 0.563463 1.00003 -3.05185e-005 3.05185e-005
0 0 0 0.563463 1.00003 -3.05185e-005 3.05185e-005
0 0 0 0.563463 1.00003 -3.05185e-005 3.05185e-005
0 0 0 0.563463 1.00003 -3.05185e-005 3.05185e-005
0 0 0 0.563463 1.00003 -3.05185e-005 3.05185e-005
0 0 0 0.563463 1.00003 -3.05185e-005 3.05185e-005
0 0 0 0.563463 1.00003 -3.05185e-005 3.05185e-005
0 0 0 0.563463 1.00003 -3.05185e-005 3.05185e-005
0 0 0 0.563463 1.00003 -3.05185e-005 3.05185e-005
0 0 0 0.563463 1.00003 -3.05185e-005 3.05185e-005
0 0 0 0.563463 1.00003 -3.05185e-005 3.05185e-005
0 0 0 0.563463 1.00003 0.00793481 3.05185e-005
0 0 0 0.563463 1.00003 0.00793481 3.05185e-005
0 0 0 0.563463 1.00003 0.00793481 3.05185e-005
0 0 0 0.563463 1.00003 0.00793481 3.05185e-005
0 0 0 0.563463 1.00003 0.00793481 3.05185e-005
0 0 0 0.563463 1.00003 0.0476089 3.05185e-005
0 0 0 0.563463 1.00003 0.0476089 3.05185e-005
0 0 0 0.563463 1.00003 0.0476089 3.05185e-005
0 0 0 0.563463 1.00003 0.0476089 3.05185e-005
0 0 0 0.563463 1.00003 0.0634785 0.0234687
0 0 0 0.563463 1.00003 0.134892 0.117222
0 0 0 0.571429 1.00003 0.150792 0.148473
0 0 0 0.571429 1.00003 0.150792 0.148473
0 0 0 0.571429 1.00003 0.150792 0.148473
0 0 0 0.571429 1.00003 0.150792 0.164098
0 0 0 0.571429 1.00003 0.150792 0.257851
0 0 0 0.571429 1.00003 0.150792 0.320353
0 0 0 0.571429 1.00003 0.150792 0.320353
0 0 0 0.571429 1.00003 0.150792 0.320353
0 0 0 0.571429 1.00003 0.150792 0.320353
0 0 0 0.571429 1.00003 0.174596 0.476608
0 0 0 0.571429 1.00003 0.174596 0.476608
0 0 0 0.571429 1.00003 0.174596 0.476608
0 0 0 0.571429 1.00003 0.174596 0.476608
0 0 0 0.571429 1.00003 0.174596 0.476608
0 0 0 0.571429 1.00003 0.190466 0.601611
0 0 0 0.571429 1.00003 0.206336 0.632862
0 0 0 0.571429 1.00003 0.206336 0.632862
0 0 0 0.571429 1.00003 0.206336 0.632862
0 0 0 0.571429 1.00003 0.206336 0.632862
0 0 0 0.571429 1.00003 0.238075 0.742241
0 0 0 0.571429 1.00003 0.238075 0.742241
0 0 0 0.571429 1.00003 0.238075 0.742241
0 0 0 0.571429 1.00003 0.238075 0.742241
0 0 0 0.571429 1.00003 0.24601 0.757866
0 0 0 0.571429 1.00003 0.261879 0.804743
0 0 0 0.571429 1.00003 0.269814 0.867244
0 0 0 0.571429 1.00003 0.269814 0.867244
0 0 0 0.571429 1.00003 0.269814 0.867244
0 0 0 0.571429 1.00003 0.269814 0.867244
0 0 0 0.571429 1.00003 0.269814 0.945372
0 0 0 0.571429 1.00003 0.269814 0.945372
0 0 0 0.571429 1.00003 0.269814 0.945372
0 0 0 0.571429 1.00003 0.269814 0.945372
0 0 0 0.571429 1.00003 0.269814 0.945372
0 0 0 0.571429 1.00003 0.285714 1.00003
0 0 0 0.571429 1.00003 0.285714 1.00003
0 0 0 0.571429 1.00003 0.285714 1.00003
0 0 0 0.571429 1.00003 0.285714 1.00003
0 0 0 0.571429 1.00003 0.285714 1.00003
0 0 0 0.531724 1.00003 0.285714 1.00003
0 0 0 0.531724 1.00003 0.285714 1.00003
0 0 0 0.531724 1.00003 0.285714 1.00003
0 0 0 0.531724 1.00003 0.285714 1.00003
0 0 0 0.531724 1.00003 0.285714 1.00003
0 0 0 0.523789 1.00003 0.285714 1.00003
0 0 0 0.523789 1.00003 0.285714 1.00003
0 0 0 0.523789 1.00003 0.285714 1.00003
0 0 0 0.523789 1.00003 0.285714 1.00003
0 0 0 0.523789 1.00003 0.285714 1.00003
0 0 0 0.515854 1.00003 0.301584 1.00003
0 0 0 0.515854 1.00003 0.301584 1.00003
0 0 0 0.515854 1.00003 0.301584 1.00003
0 0 0 0.515854 1.00003 0.301584 1.00003
0 0 0 0.515854 1.00003 0.301584 1.00003
0 0 0 0.515854 1.00003 0.301584 1.00003
0 0 0 0.515854 1.00003 0.301584 1.00003
0 0 0 0.515854 1.00003 0.301584 1.00003
0 0 0 0.515854 1.00003 0.301584 1.00003
0 0 0 0.515854 1.00003 0.301584 1.00003
0 0 0 0.515854 1.00003 0.301584 1.00003
0 0 0 0.515854 1.00003 0.301584 1.00003
0 0 0 0.515854 1.00003 0.301584 1.00003
0 0 0 0.515854 1.00003 0.301584 1.00003
0 0 0 0.515854 1.00003 0.301584 1.00003
0 0 0 0.515854 1.00003 0.301584 1.00003
0 0 0 0.515854 1.00003 0.301584 1.00003
0 0 0 0.515854 1.00003 0.301584 1.00003
0 0 0 0.515854 1.00003 0.301584 1.00003
0 0 0 0.515854 1.00003 0.301584 1.00003
0 0 0 0.515854 1.00003 0.301584 1.00003
0 0 0 0.515854 1.00003 0.301584 1.00003
0 0 0 0.515854 1.00003 0.301584 1.00003
0 0 0 0.515854 1.00003 0.301584 1.00003
0 0 0 0.515854 1.00003 0.301584 1.00003
0 0 0 0.515854 1.00003 0.301584 1.00003
0 0 0 0.515854 1.00003 0.301584 1.00003
0 0 0 0.515854 1.00003 0.301584 1.00003
0 0 0 0.515854 1.00003 0.301584 1.00003
0 0 0 0.515854 1.00003 0.301584 1.00003
0 0 0 0.515854 1.00003 0.301584 1.00003
0 0 0 0.515854 1.00003 0.301584 1.00003
0 0 0 0.515854 1.00003 0.301584 1.00003
0 0 0 0.515854 1.00003 0.301584 1.00003
0 0 0 0.515854 1.00003 0.301584 1.00003
0 0 0 0.515854 1.00003 0.301584 1.00003
0 0 0 0.515854 1.00003 0.301584 1.00003
0 0 0 0.515854 1.00003 0.301584 1.00003
0 0 0 0.515854 1.00003 0.301584 1.00003
0 0 0 0.515854 1.00003 0.301584 1.00003
0 0 0 0.515854 1.00003 0.301584 1.00003
0 0 0 0.515854 1.00003 0.301584 1.00003
0 0 0 0.515854 1.00003 0.301584 1.00003
0 0 0 0.515854 1.00003 0.301584 1.00003
0 0 0 0.515854 1.00003 0.301584 1.00003
0 0 0 0.515854 1.00003 0.301584 1.00003
0 0 0 0.515854 1.00003 0.301584 1.00003
0 0 0 0.515854 1.00003 0.301584 1.00003
0 0 0 0.515854 1.00003 0.301584 1.00003
0 0 0 0.515854 1.00003 0.301584 1.00003
0 0 0 0.515854 1.00003 0.301584 1.00003
0 0 0 0.515854 1.00003 0.301584 1.00003
0 0 0 0.515854 1.00003 0.301584 1.00003
0 0 0 0.515854 1.00003 0.301584 1.00003
0 0 0 0.515854 1.00003 0.301584 1.00003
0 0 0 0.515854 1.00003 0.301584 1.00003
0 0 0 0.515854 1.00003 0.301584 1.00003
0 0 0 0.515854 1.00003 0.301584 1.00003
0 0 0 0.515854 1.00003 0.301584 1.00003
0 0 0 0.515854 1.00003 0.301584 1.00003
0 0 0 0.515854 1.00003 0.301584 1.00003
0 0 0 0.515854 1.00003 0.301584 1.00003
0 0 0 0.515854 1.00003 0.301584 1.00003
0 0 0 0.515854 1.00003 0.301584 1.00003
0 0 0 0.515854 1.00003 0.301584 1.00003
0 0 0 0.515854 1.00003 0.301584 1.00003
0 0 0 0.515854 1.00003 0.301584 1.00003
0 0 0 0.515854 1.00003 0.301584 1.00003
0 0 0 0.515854 1.00003 0.301584 1.00003
0 0 0 0.515854 1.00003 0.301584 1.00003
0 0 0 0.515854 1.00003 0.301584 1.00003
0 0 0 0.515854 1.00003 0.301584 1.00003
0 0 0 0.515854 1.00003 0.301584 1.00003
0 0 0 0.515854 1.00003 0.301584 1.00003
0 0 0 0.515854 1.00003 0.301584 1.00003
0 0 0 0.515854 1.00003 0.301584 1.00003
0 0 0 0.515854 1.00003 0.301584 1.00003
0 0 0 0.515854 1.00003 0.301584 1.00003
0 0 0 0.515854 1.00003 0.301584 1.00003
0 0 0 0.515854 1.00003 0.301584 1.00003
0 0 0 0.515854 1.00003 0.301584 1.00003
0 0 0 0.515854 1.00003 0.301584 1.00003
0 0 0 0.515854 1.00003 0.301584 1.00003
0 0 0 0.515854 1.00003 0.301584 1.00003
0 0 0 0.515854 1.00003 0.301584 1.00003
0 0 0 0.515854 1.00003 0.301584 1.00003
0 0 0 0.515854 1.00003 0.301584 1.00003
0 0 0 0.515854 1.00003 0.301584 1.00003
0 0 0 0.515854 1.00003 0.301584 1.00003
0 0 0 0.515854 1.00003 0.301584 1.00003
0 0 0 0.515854 1.00003 0.301584 1.00003
0 0 0 0.515854 1.00003 0.301584 1.00003
0 0 0 0.515854 1.00003 0.301584 1.00003
0 0 0 0.515854 1.00003 0.301584 1.00003
0 0 0 0.515854 1.00003 0.301584 1.00003
0 0 0 0.515854 1.00003 0.301584 1.00003
0 0 0 0.515854 1.00003 0.301584 1.00003
0 0 0 0.515854 1.00003 0.301584 1.00003
0 0 0 0.515854 1.00003 0.301584 1.00003
0 0 0 0.515854 1.00003 0.301584 1.00003
0 0 0 0.515854 1.00003 0.301584 1.00003
0 0 0 0.515854 1.00003 0.301584 1.00003
0 0 0 0.515854 1.00003 0.301584 1.00003
0 0 0 0.515854 1.00003 0.301584 1.00003
0 0 0 0.515854 1.00003 0.301584 1.00003
0 0 0 0.515854 1.00003 0.301584 1.00003
0 0 0 0.515854 1.00003 0.301584 1.00003
0 0 0 0.515854 1.00003 0.301584 1.00003
0 0 0 0.515854 1.00003 0.301584 1.00003
0 0 0 0.515854 1.00003 0.301584 1.00003
0 0 0 0.515854 1.00003 0.301584 1.00003
0 0 0 0.515854 1.00003 0.301584 1.00003
0 0 0 0.515854 1.00003 0.301584 1.00003
0 0 0 0.515854 1.00003 0.301584 1.00003
0 0 0 0.515854 1.00003 0.301584 1.00003
0 0 0 0.515854 1.00003 0.301584 1.00003
0 0 0 0.515854 1.00003 0.301584 1.00003
0 0 0 0.515854 1.00003 0.301584 1.00003
0 0 0 0.515854 1.00003 0.301584 1.00003
0 0 0 0.515854 1.00003 0.301584 1.00003
0 0 0 0.515854 1.00003 0.301584 1.00003
0 0 0 0.515854 1.00003 0.301584 1.00003
0 0 0 0.515854 1.00003 0.301584 1.00003
0 0 0 0.515854 1.00003 0.301584 1.00003
0 0 0 0.515854 1.00003 0.301584 1.00003
0 0 0 0.515854 1.00003 0.301584 1.00003
0 0 0 0.515854 1.00003 0.301584 1.00003
0 0 0 0.515854 1.00003 0.301584 1.00003
0 0 0 0.515854 1.00003 0.301584 1.00003
0 0 0 0.515854 1.00003 0.301584 1.00003
0 0 0 0.515854 1.00003 0.301584 1.00003
0 0 0 0.515854 1.00003 0.301584 1.00003
0 0 0 0.515854 1.00003 0.301584 1.00003
0 0 0 0.515854 1.00003 0.301584 1.00003
0 0 0 0.515854 1.00003 0.301584 1.00003
0 0 0 0.515854 1.00003 0.301584 1.00003
0 0 0 0.515854 1.00003 0.301584 1.00003
0 0 0 0.515854 1.00003 0.301584 1.00003
0 0 0 0.515854 1.00003 0.301584 1.00003
0 0 0 0.515854 1.00003 0.301584 1.00003
0 0 0 0.515854 1.00003 0.301584 1.00003
0 0 0 0.515854 1.00003 0.301584 1.00003
0 0 0 0.515854 1.00003 0.301584 1.00003
0 0 0 0.515854 1.00003 0.301584 1.00003
0 0 0 0.515854 1.00003 0.301584 1.00003
0 0 0 0.515854 1.00003 0.261879 1.00003
0 0 0 0.515854 1.00003 0.261879 1.00003
0 0 0 0.515854 1.00003 0.261879 1.00003
0 0 0 0.515854 1.00003 0.261879 1.00003
0 0 0 0.515854 1.00003 0.261879 1.00003
0 0 0 0.515854 1.00003 0.238075 1.00003
0 0 0 0.515854 1.00003 0.238075 1.00003
0 0 0 0.515854 1.00003 0.238075 1.00003
0 0 0 0.515854 1.00003 0.238075 1.00003
0 0 0 0.515854 1.00003 0.238075 1.00003
0 0 0 0.515854 1.00003 0.238075 0.88287
0 0 0 0.515854 1.00003 0.238075 0.88287
0 0 0 0.515854 1.00003 0.238075 0.88287
0 0 0 0.515854 1.00003 0.238075 0.88287
0 0 0 0.515854 1.00003 0.238075 0.88287
0 0 0 0.515854 1.00003 0.190466 0.773492
0 0 0 0.515854 1.00003 0.190466 0.773492
0 0 0 0.515854 1.00003 0.190466 0.773492
0 0 0 0.515854 1.00003 0.190466 0.773492
0 0 0 0.515854 1.00003 0.190466 0.773492
0 0 0 0.515854 1.00003 0.174596 0.617237
0 0 0 0.515854 1.00003 0.174596 0.617237
0 0 0 0.515854 1.00003 0.174596 0.617237
0 0 0 0.515854 1.00003 0.174596 0.617237
0 0 0 0.515854 1.00003 0.174596 0.617237
0 0 0 0.539659 1.00003 0.150792 0.367229
0 0 0 0.539659 1.00003 0.150792 0.367229
0 0 0 0.539659 1.00003 0.150792 0.367229
0 0 0 0.539659 1.00003 0.150792 0.367229
0 0 0 0.539659 1.00003 0.150792 0.367229
0 0 0 0.539659 1.00003 0.111087 0.0547197
0 0 0 0.539659 1.00003 0.111087 0.0547197
0 0 0 0.539659 1.00003 0.111087 0.0547197
0 0 0 0.539659 1.00003 0.111087 0.0547197
0 0 0 0.539659 1.00003 0.0238044 0.00784326
0 0 0 0.539659 1.00003 -3.05185e-005 3.05185e-005
0 0 0 0.539659 1.00003 -3.05185e-005 3.05185e-005
0 0 0 0.539659 1.00003 -3.05185e-005 3.05185e-005
0 0 0 0.539659 1.00003 -3.05185e-005 3.05185e-005
0 0 0 0.539659 1.00003 -3.05185e-005 3.05185e-005
0 0 0 0.539659 1.00003 -3.05185e-005 3.05185e-005
0 0 0 0.539659 1.00003 -3.05185e-005 3.05185e-005
0 0 0 0.539659 1.00003 -3.05185e-005 3.05185e-005
0 0 0 0.539659 1.00003 -3.05185e-005 3.05185e-005
0 0 0 0.539659 1.00003 -3.05185e-005 3.05185e-005
0 0 0 0.539659 1.00003 -3.05185e-005 3.05185e-005
0 0 0 0.539659 1.00003 -3.05185e-005 3.05185e-005
0 0 0 0.539659 1.00003 -3.05185e-005 3.05185e-005
0 0 0 0.539659 1.00003 -3.05185e-005 3.05185e-005
0 0 0 0.539659 1.00003 -3.05185e-005 3.05185e-005
0 0 0 0.539659 1.00003 -3.05185e-005 3.05185e-005
0 0 0 0.539659 1.00003 -3.05185e-005 3.05185e-005
0 0 0 0.539659 1.00003 -3.05185e-005 3.05185e-005
0 0 0 0.539659 1.00003 -3.05185e-005 3.05185e-005
0 0 0 0.539659 1.00003 -3.05185e-005 3.05185e-005
0 0 0 0.539659 1.00003 -3.05185e-005 3.05185e-005
0 0 0 0.539659 1.00003 -3.05185e-005 3.05185e-005
0 0 0 0.539659 1.00003 -3.05185e-005 3.05185e-005
0 0 0 0.539659 1.00003 -3.05185e-005 3.05185e-005
0 0 0 0.539659 1.00003 -3.05185e-005 3.05185e-005
0 0 0 0.539659 1.00003 -3.05185e-005 3.05185e-005
0 0 0 0.539659 1.00003 -3.05185e-005 3.05185e-005
0 0 0 0.539659 1.00003 -3.05185e-005 3.05185e-005
0 0 0 0.539659 1.00003 -3.05185e-005 3.05185e-005
0 0 0 0.539659 1.00003 -3.05185e-005 3.05185e-005
0 0 0 0.539659 1.00003 -3.05185e-005 3.05185e-005
0 0 0 0.539659 1.00003 -3.05185e-005 3.05185e-005
0 0 0 0.539659 1.00003 -3.05185e-005 3.05185e-005
0 0 0 0.539659 1.00003 -3.05185e-005 3.05185e-005
0 0 0 0.539659 1.00003 -3.05185e-005 3.05185e-005
0 0 0 0.539659 1.00003 -3.05185e-005 3.05185e-005
0 0 0 0.539659 1.00003 -3.05185e-005 3.05185e-005
0 0 0 0.539659 1.00003 -3.05185e-005 3.05185e-005
0 0 0 0.539659 1.00003 -3.05185e-005 3.05185e-005
0 0 0 0.539659 1.00003 -3.05185e-005 3.05185e-005
0 0 0 0.539659 1.00003 -3.05185e-005 3.05185e-005
0 0 0 0.539659 1.00003 -3.05185e-005 3.05185e-005
0 0 0 0.539659 1.00003 -3.05185e-005 3.05185e-005
0 0 0 0.539659 1.00003 -3.05185e-005 3.05185e-005
0 0 0 0.539659 1.00003 -3.05185e-005 3.05185e-005
0 0 0 0.539659 1.00003 -3.05185e-005 3.05185e-005
0 0 0 0.539659 1.00003 -3.05185e-005 3.05185e-005
0 0 0 0.539659 1.00003 -3.05185e-005 3.05185e-005
0 0 0 0.539659 1.00003 -3.05185e-005 3.05185e-005
0 0 0 0.539659 1.00003 -3.05185e-005 3.05185e-005
0 0 0 0.515854 1.00003 -3.05185e-005 3.05185e-005
0 0 0 0.515854 1.00003 -3.05185e-005 3.05185e-005
0 0 0 0.515854 1.00003 -3.05185e-005 3.05185e-005
0 0 0 0.515854 1.00003 -3.05185e-005 3.05185e-005
0 0 0 0.515854 1.00003 -3.05185e-005 3.05185e-005
0 0 0 0.515854 1.00003 -3.05185e-005 3.05185e-005
0 0 0 0.515854 1.00003 -3.05185e-005 3.05185e-005
0 0 0 0.515854 1.00003 -3.05185e-005 3.05185e-005
0 0 0 0.515854 1.00003 -3.05185e-005 3.05185e-005
0 0 0 0.515854 1.00003 -3.05185e-005 3.05185e-005
0 0 0 0.515854 1.00003 -3.05185e-005 3.05185e-005
0 0 0 0.515854 1.00003 -3.05185e-005 3.05185e-005
0 0 0 0.515854 1.00003 -3.05185e-005 3.05185e-005
0 0 0 0.515854 1.00003 -3.05185e-005 3.05185e-005
0 0 0 0.515854 1.00003 -3.05185e-005 3.05185e-005
0 0 0 0.515854 1.00003 -3.05185e-005 3.05185e-005
0 0 0 0.515854 1.00003 -3.05185e-005 3.05185e-005
0 0 0 0.515854 1.00003 -3.05185e-005 3.05185e-005
0 0 0 0.515854 1.00003 -3.05185e-005 3.05185e-005
0 0 0 0.515854 1.00003 -3.05185e-005 3.05185e-005
0 0 0 0.49205 1.00003 -3.05185e-005 3.05185e-005
0 0 0 0.49205 1.00003 -3.05185e-005 3.05185e-005
0 0 0 0.49205 1.00003 -3.05185e-005 3.05185e-005
0 0 0 0.468245 1.00003 -3.05185e-005 3.05185e-005
0 0 0 0.468245 1.00003 -3.05185e-005 3.05185e-005
0 0 0 0.436506 1.00003 -3.05185e-005 3.05185e-005
0 0 0 0.436506 1.00003 -3.05185e-005 3.05185e-005
0 0 0 0.436506 1.00003 -3.05185e-005 3.05185e-005
0 0 0 0.436506 1.00003 -3.05185e-005 3.05185e-005
0 0 0 0.436506 1.00003 -3.05185e-005 3.05185e-005
0 0 0 0.412671 1.00003 -3.05185e-005 3.05185e-005
0 0 0 0.412671 1.00003 -3.05185e-005 3.05185e-005
0 0 0 0.412671 1.00003 -3.05185e-005 3.05185e-005
0 0 0 0.396802 1.00003 -3.05185e-005 3.05185e-005
0 0 0 0.396802 1.00003 -3.05185e-005 3.05185e-005
0 0 0 0.380932 1.00003 -3.05185e-005 3.05185e-005
0 0 0 0.380932 1.00003 -3.05185e-005 3.05185e-005
0 0 0 0.380932 1.00003 -3.05185e-005 3.05185e-005
0 0 0 0.380932 1.00003 -3.05185e-005 3.05185e-005
0 0 0 0.380932 1.00003 -3.05185e-005 3.05185e-005
0 0 0 0.380932 1.00003 -3.05185e-005 3.05185e-005
0 0 0 0.380932 1.00003 -3.05185e-005 3.05185e-005
0 0 0 0.380932 1.00003 -3.05185e-005 3.05185e-005
0 0 0 0.380932 1.00003 -3.05185e-005 3.05185e-005
0 0 0 0.380932 1.00003 -3.05185e-005 3.05185e-005
0 0 0 0.365062 1.00003 -3.05185e-005 3.05185e-005
0 0 0 0.365062 1.00003 -3.05185e-005 3.05185e-005
0 0 0 0.365062 1.00003 -3.05185e-005 3.05185e-005
0 0 0 0.365062 1.00003 -3.05185e-005 3.05185e-005
0 0 0 0.365062 1.00003 -3.05185e-005 3.05185e-005
0 0 0 0.309519 1.00003 -3.05185e-005 3.05185e-005
0 0 0 0.309519 1.00003 -3.05185e-005 3.05185e-005
0 0 0 0.309519 1.00003 -3.05185e-005 3.05185e-005
0 0 0 0.309519 1.00003 -3.05185e-005 3.05185e-005
0 0 0 0.309519 1.00003 -3.05185e-005 3.05185e-005
0 0 0 0.277749 1.00003 0.0238044 0.0234687
0 0 0 0.277749 1.00003 0.0238044 0.0234687
0 0 0 0.277749 1.00003 0.0238044 0.0234687
0 0 0 0.277749 1.00003 0.0238044 0.0234687
0 0 0 0.277749 1.00003 0.0238044 0.0234687
0 0 0 0.261879 1.00003 0.0396741 0.0234687
0 0 0 0.261879 1.00003 0.0396741 0.0234687
0 0 0 0.261879 1.00003 0.0396741 0.0234687
0 0 0 0.261879 1.00003 0.0396741 0.0234687
0 0 0 0.253945 1.00003 0.0396741 0.0234687
0 0 0 0.253945 1.00003 0.0396741 0.00784326
0 0 0 0.253945 1.00003 0.0396741 0.00784326
0 0 0 0.253945 1.00003 0.0396741 0.00784326
0 0 0 0.24601 1.00003 0.0396741 0.00784326
0 0 0 0.24601 1.00003 0.0396741 0.00784326
0 0 0 0.24601 1.00003 0.00793481 0.00784326
0 0 0 0.24601 1.00003 0.00793481 0.00784326
0 0 0 0.24601 1.00003 0.00793481 0.00784326
0 0 0 0.24601 1.00003 0.00793481 0.00784326
0 0 0 0.24601 1.00003 -3.05185e-005 0.00784326
0 0 0 0.238075 1.00003 -3.05185e-005 0.00784326
0 0 0 0.238075 1.00003 -3.05185e-005 0.00784326
0 0 0 0.238075 1.00003 -3.05185e-005 0.00784326
0 0 0 0.238075 1.00003 -3.05185e-005 0.00784326
0 0 0 0.238075 1.00003 -3.05185e-005 0.00784326
0 0 0 0.190466 1.00003 -3.05185e-005 0.00784326
0 0 0 0.190466 1.00003 -3.05185e-005 0.00784326
0 0 0 0.190466 1.00003 -3.05185e-005 0.00784326
0 0 0 0.182531 1.00003 -3.05185e-005 0.00784326
0 0 0 0.182531 1.00003 -3.05185e-005 0.00784326
0 0 0 0.158727 1.00003 -3.05185e-005 3.05185e-005
0 0 0 0.158727 1.00003 -3.05185e-005 3.05185e-005
0 0 0 0.158727 1.00003 -3.05185e-005 3.05185e-005
0 0 0 0.158727 1.00003 -3.05185e-005 3.05185e-005
0 0 0 0.158727 1.00003 -3.05185e-005 3.05185e-005
0 0 0 0.158727 1.00003 -3.05185e-005 3.05185e-005
0 0 0 0.158727 1.00003 -3.05185e-005 3.05185e-005
0 0 0 0.158727 1.00003 -3.05185e-005 3.05185e-005
0 0 0 0.158727 1.00003 -3.05185e-005 3.05185e-005
0 0 0 0.158727 1.00003 -3.05185e-005 3.05185e-005
0 0 0 0.158727 1.00003 -3.05185e-005 3.05185e-005
0 0 0 0.158727 1.00003 -3.05185e-005 3.05185e-005
0 0 0 0.158727 1.00003 -3.05185e-005 3.05185e-005
0 0 0 0.158727 1.00003 -3.05185e-005 3.05185e-005
0 0 0 0.158727 1.00003 -3.05185e-005 3.05185e-005
0 0 0 0.158727 1.00003 -3.05185e-005 3.05185e-005
0 0 0 0.158727 1.00003 -3.05185e-005 3.05185e-005
0 0 0 0.150792 1.00003 -3.05185e-005 3.05185e-005
0 0 0 0.150792 1.00003 -3.05185e-005 3.05185e-005
0 0 0 0.150792 1.00003 -3.05185e-005 3.05185e-005
0 0 0 0.150792 1.00003 -3.05185e-005 3.05185e-005
0 0 0 0.150792 1.00003 -3.05185e-005 3.05185e-005
0 0 0 0.150792 1.00003 -3.05185e-005 3.05185e-005
0 0 0 0.150792 1.00003 -3.05185e-005 3.05185e-005
0 0 0 0.150792 1.00003 -3.05185e-005 3.05185e-005
0 0 0 0.134892 1.00003 -3.05185e-005 3.05185e-005
0 0 0 0.134892 1.00003 -3.05185e-005 3.05185e-005
0 0 0 0.134892 1.00003 -3.05185e-005 3.05185e-005
0 0 0 0.134892 1.00003 -3.05185e-005 3.05185e-005
0 0 0 0.134892 1.00003 -3.05185e-005 3.05185e-005
0 0 0 0.111087 1.00003 -3.05185e-005 3.05185e-005
0 0 0 0.111087 1.00003 -3.05185e-005 3.05185e-005
0 0 0 0.111087 1.00003 -3.05185e-005 3.05185e-005
0 0 0 0.111087 1.00003 -3.05185e-005 3.05185e-005
0 0 0 0.111087 1.00003 -3.05185e-005 3.05185e-005
0 0 0 0.0793481 0.88287 -3.05185e-005 3.05185e-005
0 0 0 0.0793481 0.88287 -3.05185e-005 3.05185e-005
0 0 0 0.0793481 0.88287 -3.05185e-005 3.05185e-005
0 0 0 0.0793481 0.88287 -3.05185e-005 3.05185e-005
0 0 0 0.0793481 0.88287 -3.05185e-005 3.05185e-005
0 0 0 0.0158696 0.726615 -3.05185e-005 3.05185e-005
0 0 0 0.0158696 0.726615 -3.05185e-005 3.05185e-005
0 0 0 0.0158696 0.726615 -3.05185e-005 3.05185e-005
0 0 0 0.0158696 0.726615 -3.05185e-005 3.05185e-005
0 0 0 0.0158696 0.726615 -3.05185e-005 3.05185e-005
0 0 0 0 0.507859 -3.05185e-005 3.05185e-005
0 0 0 0 0.507859 -3.05185e-005 3.05185e-005
0 0 0 0 0.507859 -3.05185e-005 3.05185e-005
0 0 0 0 0.507859 -3.05185e-005 3.05185e-005
0 0 0 0 0.507859 -3.05185e-005 3.05185e-005
0 0 0 0 0.320353 -3.05185e-005 3.05185e-005
0 0 0 0 0.320353 -3.05185e-005 3.05185e-005
0 0 0 0 0.320353 -3.05185e-005 3.05185e-005
0 0 0 0 0.320353 -3.05185e-005 3.05185e-005
0 0 0 0 0.320353 -3.05185e-005 3.05185e-005
0 0 0 0.0158696 0.195349 -3.05185e-005 3.05185e-005
0 0 0 0.0158696 0.195349 -3.05185e-005 3.05185e-005
0 0 0 0.0158696 0.195349 -3.05185e-005 3.05185e-005
0 0 0 0.0158696 0.195349 -3.05185e-005 3.05185e-005
0 0 0 0.0158696 0.195349 -3.05185e-005 3.05185e-005
0 0 0 -3.05185e-005 0.117222 -3.05185e-005 3.05185e-005
0 0 0 -3.05185e-005 0.117222 -3.05185e-005 3.05185e-005
0 0 0 -3.05185e-005 0.117222 -3.05185e-005 3.05185e-005
0 0 0 -3.05185e-005 0.117222 -3.05185e-005 3.05185e-005
0 0 0 -3.05185e-005 0.117222 -3.05185e-005 3.05185e-005
0 0 0 -3.05185e-005 0.00784326 -3.05185e-005 3.05185e-005
0 0 0 -3.05185e-005 0.00784326 -3.05185e-005 3.05185e-005
0 0 0 -3.05185e-005 0.00784326 -3.05185e-005 3.05185e-005
0 0 0 -3.05185e-005 0.00784326 -3.05185e-005 3.05185e-005
0 0 0 -3.05185e-005 0.00784326 -3.05185e-005 3.05185e-005
0 0 0 -0.00784326 3.05185e-005 -3.05185e-005 3.05185e-005
0 0 0 -0.00784326 3.05185e-005 -3.05185e-005 3.05185e-005
0 0 0 -0.00784326 3.05185e-005 -3.05185e-005 3.05185e-005
0 0 0 -0.00784326 -0.0238044 -3.05185e-005 3.05185e-005
0 0 0 -0.00784326 -0.0238044 -3.05185e-005 3.05185e-005
0 0 0 -0.00784326 -0.0793481 -3.05185e-005 3.05185e-005
0 0 0 -0.00784326 -0.0793481 -3.05185e-005 3.05185e-005
0 0 0 -0.00784326 -0.0793481 -3.05185e-005 3.05185e-005
0 0 0 -0.00784326 -0.111087 -3.05185e-005 3.05185e-005
0 0 0 -0.00784326 -0.111087 -3.05185e-005 3.05185e-005
0 0 0 -0.00784326 -0.158727 -3.05185e-005 3.05185e-005
0 0 0 -0.00784326 -0.190466 -3.05185e-005 3.05185e-005
0 0 0 -0.00784326 -0.190466 -3.05185e-005 3.05185e-005
0 0 0 -0.00784326 -0.190466 -3.05185e-005 3.05185e-005
0 0 0 -0.00784326 -0.190466 -3.05185e-005 3.05185e-005
0 0 0 -0.00784326 -0.269814 -3.05185e-005 3.05185e-005
0 0 0 -0.00784326 -0.269814 -3.05185e-005 3.05185e-005
0 0 0 -0.00784326 -0.333323 -3.05185e-005 3.05185e-005
0 0 0 -0.00784326 -0.333323 -3.05185e-005 3.05185e-005
0 0 0 -0.00784326 -0.333323 -3.05185e-005 3.05185e-005
0 0 0 -0.015656 -0.47618 -3.05185e-005 3.05185e-005
0 0 0 -0.015656 -0.47618 -3.05185e-005 3.05185e-005
0 0 0 -0.015656 -0.47618 -3.05185e-005 3.05185e-005
0 0 0 -0.015656 -0.47618 -3.05185e-005 3.05185e-005
0 0 0 -0.015656 -0.47618 -3.05185e-005 3.05185e-005
0 0 0 -0.015656 -0.555528 -3.05185e-005 3.05185e-005
0 0 0 -0.0312815 -0.619037 -3.05185e-005 3.05185e-005
0 0 0 -0.0312815 -0.619037 -3.05185e-005 3.05185e-005
0 0 0 -0.0312815 -0.619037 -3.05185e-005 3.05185e-005
0 0 0 -0.0312815 -0.619037 -3.05185e-005 3.05185e-005
0 0 0 -0.0625324 -0.714286 -3.05185e-005 3.05185e-005
0 0 0 -0.0625324 -0.714286 -3.05185e-005 3.05185e-005
0 0 0 -0.0625324 -0.714286 -3.05185e-005 3.05185e-005
0 0 0 -0.0625324 -0.714286 -3.05185e-005 3.05185e-005
0 0 0 -0.0625324 -0.714286 -3.05185e-005 3.05185e-005
0 0 0 -0.132847 -0.825373 -3.05185e-005 3.05185e-005
0 0 0 -0.132847 -0.825373 -3.05185e-005 3.05185e-005
0 0 0 -0.132847 -0.825373 -3.05185e-005 3.05185e-005
0 0 0 -0.132847 -0.825373 -3.05185e-005 3.05185e-005
0 0 0 -0.132847 -0.825373 -3.05185e-005 3.05185e-005
0 0 0 -0.187536 -0.952361 -3.05185e-005 3.05185e-005
0 0 0 -0.187536 -0.952361 -3.05185e-005 3.05185e-005
0 0 0 -0.187536 -0.952361 -3.05185e-005 3.05185e-005
0 0 0 -0.187536 -0.952361 -3.05185e-005 3.05185e-005
0 0 0 -0.187536 -0.952361 -3.05185e-005 3.05185e-005
0 0 0 -0.289102 -1 -3.05185e-005 3.05185e-005
0 0 0 -0.289102 -1 -3.05185e-005 3.05185e-005
0 0 0 -0.289102 -1 -3.05185e-005 3.05185e-005
0 0 0 -0.289102 -1 -3.05185e-005 3.05185e-005
0 0 0 -0.289102 -1 -3.05185e-005 3.05185e-005
0 0 0 -0.343791 -1 -3.05185e-005 3.05185e-005
0 0 0 -0.343791 -1 -3.05185e-005 3.05185e-005
0 0 0 -0.343791 -1 -3.05185e-005 3.05185e-005
0 0 0 -0.343791 -1 -3.05185e-005 3.05185e-005
0 0 0 -0.343791 -1 -3.05185e-005 3.05185e-005
0 0 0 -0.343791 -1 -3.05185e-005 3.05185e-005
0 0 0 -0.343791 -1 -3.05185e-005 3.05185e-005
0 0 0 -0.343791 -1 -3.05185e-005 3.05185e-005
0 0 0 -0.343791 -1 -3.05185e-005 3.05185e-005
0 0 0 -0.343791 -1 -3.05185e-005 3.05185e-005
0 0 0 -0.343791 -1 -3.05185e-005 3.05185e-005
0 0 0 -0.343791 -1 -3.05185e-005 3.05185e-005
0 0 0 -0.343791 -1 -3.05185e-005 3.05185e-005
0 0 0 -0.343791 -1 -3.05185e-005 3.05185e-005
0 0 0 -0.343791 -1 -3.05185e-005 3.05185e-005
0 0 0 -0.343791 -1 -3.05185e-005 3.05185e-005
0 0 0 -0.343791 -1 -3.05185e-005 3.05185e-005
0 0 0 -0.343791 -1 -3.05185e-005 3.05185e-005
0 0 0 -0.343791 -1 -3.05185e-005 3.05185e-005
0 0 0 -0.343791 -1 -3.05185e-005 3.05185e-005
0 0 0 -0.343791 -1 -3.05185e-005 3.05185e-005
0 0 0 -0.343791 -1 -3.05185e-005 3.05185e-005
0 0 0 -0.343791 -1 -3.05185e-005 3.05185e-005
0 0 0 -0.343791 -1 -3.05185e-005 3.05185e-005
0 0 0 -0.343791 -1 -3.05185e-005 3.05185e-005
0 0 0 -0.343791 -1 -3.05185e-005 3.05185e-005
0 0 0 -0.343791 -1 -3.05185e-005 3.05185e-005
0 0 0 -0.343791 -1 -3.05185e-005 3.05185e-005
0 0 0 -0.343791 -1 -3.05185e-005 3.05185e-005
0 0 0 -0.343791 -1 -3.05185e-005 3.05185e-005
0 0 0 -0.343791 -1 -3.05185e-005 3.05185e-005
0 0 0 -0.343791 -1 -3.05185e-005 3.05185e-005
0 0 0 -0.343791 -1 -3.05185e-005 3.05185e-005
0 0 0 -0.343791 -1 -3.05185e-005 3.05185e-005
0 0 0 -0.343791 -1 -3.05185e-005 3.05185e-005
0 0 0 -0.343791 -1 -3.05185e-005 3.05185e-005
0 0 0 -0.343791 -1 -3.05185e-005 3.05185e-005
0 0 0 -0.343791 -1 -3.05185e-005 3.05185e-005
0 0 0 -0.343791 -1 -3.05185e-005 3.05185e-005
0 0 0 -0.343791 -1 -3.05185e-005 3.05185e-005
0 0 0 -0.343791 -1 -3.05185e-005 3.05185e-005
0 0 0 -0.343791 -1 -3.05185e-005 3.05185e-005
0 0 0 -0.343791 -1 -3.05185e-005 3.05185e-005
0 0 0 -0.343791 -1 -3.05185e-005 3.05185e-005
0 0 0 -0.343791 -1 -3.05185e-005 3.05185e-005
0 0 0 -0.343791 -1 -3.05185e-005 3.05185e-005
0 0 0 -0.343791 -1 -3.05185e-005 3.05185e-005
0 0 0 -0.343791 -1 -3.05185e-005 3.05185e-005
0 0 0 -0.343791 -1 -3.05185e-005 3.05185e-005
0 0 0 -0.343791 -1 -3.05185e-005 3.05185e-005
0 0 0 -0.343791 -1 -3.05185e-005 3.05185e-005
0 0 0 -0.343791 -1 -3.05185e-005 3.05185e-005
0 0 0 -0.343791 -1 -3.05185e-005 3.05185e-005
0 0 0 -0.343791 -1 -3.05185e-005 3.05185e-005
0 0 0 -0.343791 -1 -3.05185e-005 3.05185e-005
0 0 0 -0.343791 -1 -3.05185e-005 3.05185e-005
0 0 0 -0.343791 -1 -3.05185e-005 3.05185e-005
0 0 0 -0.343791 -1 -3.05185e-005 3.05185e-005
0 0 0 -0.343791 -1 -3.05185e-005 3.05185e-005
0 0 0 -0.343791 -1 -3.05185e-005 3.05185e-005
0 0 0 -0.343791 -1 -3.05185e-005 3.05185e-005
0 0 0 -0.343791 -1 -3.05185e-005 3.05185e-005
0 0 0 -0.343791 -1 -3.05185e-005 3.05185e-005
0 0 0 -0.343791 -1 -3.05185e-005 3.05185e-005
0 0 0 -0.343791 -1 -3.05185e-005 3.05185e-005
0 0 0 -0.343791 -1 -3.05185e-005 3.05185e-005
0 0 0 -0.343791 -1 -3.05185e-005 3.05185e-005
0 0 0 -0.343791 -1 -3.05185e-005 3.05185e-005
0 0 0 -0.343791 -1 -3.05185e-005 3.05185e-005
0 0 0 -0.343791 -1 -3.05185e-005 3.05185e-005
0 0 0 -0.343791 -1 -3.05185e-005 3.05185e-005
0 0 0 -0.343791 -1 -3.05185e-005 3.05185e-005
0 0 0 -0.343791 -1 -3.05185e-005 3.05185e-005
0 0 0 -0.343791 -1 -3.05185e-005 3.05185e-005
0 0 0 -0.343791 -1 -3.05185e-005 3.05185e-005
0 0 0 -0.343791 -1 -3.05185e-005 3.05185e-005
0 0 0 -0.343791 -1 -3.05185e-005 3.05185e-005
0 0 0 -0.343791 -1 -3.05185e-005 3.05185e-005
0 0 0 -0.343791 -1 -3.05185e-005 3.05185e-005
0 0 0 -0.343791 -1 -3.05185e-005 3.05185e-005
0 0 0 -0.343791 -1 -3.05185e-005 3.05185e-005
0 0 0 -0.343791 -1 -3.05185e-005 3.05185e-005
0 0 0 -0.343791 -1 -3.05185e-005 3.05185e-005
0 0 0 -0.343791 -1 -3.05185e-005 3.05185e-005
0 0 0 -0.343791 -1 -3.05185e-005 3.05185e-005
0 0 0 -0.320353 -1 -3.05185e-005 3.05185e-005
0 0 0 -0.320353 -1 -3.05185e-005 3.05185e-005
0 0 0 -0.320353 -1 -3.05185e-005 3.05185e-005
0 0 0 -0.320353 -1 -3.05185e-005 3.05185e-005
0 0 0 -0.320353 -1 -3.05185e-005 3.05185e-005
0 0 0 -0.320353 -1 -3.05185e-005 3.05185e-005
0 0 0 -0.320353 -1 -3.05185e-005 3.05185e-005
0 0 0 -0.320353 -1 -3.05185e-005 3.05185e-005
0 0 0 -0.320353 -1 -3.05185e-005 3.05185e-005
0 0 0 -0.320353 -1 -3.05185e-005 3.05185e-005
0 0 0 -0.320353 -1 -3.05185e-005 3.05185e-005
0 0 0 -0.320353 -1 -3.05185e-005 3.05185e-005
0 0 0 -0.320353 -1 -3.05185e-005 3.05185e-005
0 0 0 -0.320353 -1 -3.05185e-005 3.05185e-005
0 0 0 -0.320353 -1 -3.05185e-005 3.05185e-005
0 0 0 -0.320353 -1 -3.05185e-005 3.05185e-005
0 0 0 -0.320353 -1 -3.05185e-005 3.05185e-005
0 0 0 -0.320353 -1 -3.05185e-005 3.05185e-005
0 0 0 -0.320353 -1 -3.05185e-005 3.05185e-005
0 0 0 -0.320353 -1 -3.05185e-005 3.05185e-005
0 0 0 -0.320353 -1 -3.05185e-005 3.05185e-005
0 0 0 -0.320353 -1 -3.05185e-005 3.05185e-005
0 0 0 -0.320353 -1 -3.05185e-005 3.05185e-005
0 0 0 -0.320353 -1 -3.05185e-005 3.05185e-005
0 0 0 -0.320353 -1 -3.05185e-005 3.05185e-005
0 0 0 -0.320353 -1 -3.05185e-005 3.05185e-005
0 0 0 -0.320353 -1 -3.05185e-005 3.05185e-005
0 0 0 -0.320353 -1 -3.05185e-005 3.05185e-005
0 0 0 -0.320353 -1 -3.05185e-005 3.05185e-005
0 0 0 -0.320353 -1 -3.05185e-005 3.05185e-005
0 0 0 -0.320353 -1 -3.05185e-005 3.05185e-005
0 0 0 -0.320353 -1 -3.05185e-005 3.05185e-005
0 0 0 -0.320353 -1 -3.05185e-005 3.05185e-005
0 0 0 -0.320353 -1 -3.05185e-005 3.05185e-005
0 0 0 -0.320353 -1 -3.05185e-005 3.05185e-005
0 0 0 -0.289102 -1 -3.05185e-005 3.05185e-005
0 0 0 -0.289102 -1 -3.05185e-005 3.05185e-005
0 0 0 -0.289102 -1 -3.05185e-005 3.05185e-005
0 0 0 -0.289102 -1 -3.05185e-005 3.05185e-005
0 0 0 -0.289102 -1 -3.05185e-005 3.05185e-005
0 0 0 -0.289102 -1 -3.05185e-005 3.05185e-005
0 0 0 -0.289102 -1 -3.05185e-005 3.05185e-005
0 0 0 -0.289102 -1 -3.05185e-005 3.05185e-005
0 0 0 -0.289102 -1 -3.05185e-005 3.05185e-005
0 0 0 -0.289102 -1 -3.05185e-005 3.05185e-005
0 0 0 -0.289102 -1 -3.05185e-005 3.05185e-005
0 0 0 -0.289102 -1 -3.05185e-005 3.05185e-005
0 0 0 -0.289102 -1 -3.05185e-005 3.05185e-005
0 0 0 -0.289102 -1 -3.05185e-005 3.05185e-005
0 0 0 -0.289102 -1 -3.05185e-005 3.05185e-005
0 0 0 -0.289102 -1 -3.05185e-005 3.05185e-005
0 0 0 -0.289102 -1 -3.05185e-005 3.05185e-005
0 0 0 -0.289102 -1 -3.05185e-005 3.05185e-005
0 0 0 -0.289102 -1 -3.05185e-005 3.05185e-005
0 0 0 -0.289102 -1 -3.05185e-005 3.05185e-005
0 0 0 -0.289102 -1 -3.05185e-005 3.05185e-005
0 0 0 -0.289102 -1 -3.05185e-005 3.05185e-005
0 0 0 -0.289102 -1 -3.05185e-005 3.05185e-005
0 0 0 -0.289102 -1 -3.05185e-005 3.05185e-005
0 0 0 -0.289102 -1 -3.05185e-005 3.05185e-005
0 0 0 -0.289102 -1 -3.05185e-005 3.05185e-005
0 0 0 -0.289102 -1 -3.05185e-005 3.05185e-005
0 0 0 -0.289102 -1 -3.05185e-005 3.05185e-005
0 0 0 -0.289102 -1 -3.05185e-005 3.05185e-005
0 0 0 -0.289102 -1 -3.05185e-005 3.05185e-005
0 0 0 -0.320353 -1 -3.05185e-005 3.05185e-005
0 0 0 -0.320353 -1 -3.05185e-005 3.05185e-005
0 0 0 -0.320353 -1 -3.05185e-005 3.05185e-005
0 0 0 -0.320353 -1 -3.05185e-005 3.05185e-005
0 0 0 -0.320353 -1 -3.05185e-005 3.05185e-005
0 0 0 -0.320353 -1 -3.05185e-005 3.05185e-005
0 0 0 -0.320353 -1 -3.05185e-005 3.05185e-005
0 0 0 -0.320353 -1 -3.05185e-005 3.05185e-005
0 0 0 -0.320353 -1 -3.05185e-005 3.05185e-005
0 0 0 -0.320353 -1 -3.05185e-005 3.05185e-005
0 0 0 -0.320353 -1 -3.05185e-005 3.05185e-005
0 0 0 -0.320353 -1 -3.05185e-005 3.05185e-005
0 0 0 -0.320353 -1 -3.05185e-005 3.05185e-005
0 0 0 -0.320353 -1 -3.05185e-005 3.05185e-005
0 0 0 -0.320353 -1 -3.05185e-005 3.05185e-005
0 0 0 -0.320353 -1 -3.05185e-005 3.05185e-005
0 0 0 -0.320353 -1 -3.05185e-005 3.05185e-005
0 0 0 -0.320353 -1 -3.05185e-005 3.05185e-005
0 0 0 -0.320353 -1 -3.05185e-005 3.05185e-005
0 0 0 -0.320353 -1 -3.05185e-005 3.05185e-005
0 0 0 -0.320353 -1 -0.00784326 3.05185e-005
0 0 0 -0.320353 -1 -0.00784326 3.05185e-005
0 0 0 -0.320353 -1 -0.00784326 3.05185e-005
0 0 0 -0.320353 -1 -0.00784326 3.05185e-005
0 0 0 -0.320353 -1 -0.00784326 3.05185e-005
0 0 0 -0.343791 -1 -0.00784326 3.05185e-005
0 0 0 -0.343791 -1 -0.00784326 3.05185e-005
0 0 0 -0.343791 -1 -0.00784326 3.05185e-005
0 0 0 -0.343791 -1 -0.00784326 3.05185e-005
0 0 0 -0.343791 -1 -0.00784326 3.05185e-005
0 0 0 -0.375042 -1 -0.00784326 3.05185e-005
0 0 0 -0.375042 -1 -0.00784326 3.05185e-005
0 0 0 -0.375042 -1 -0.00784326 3.05185e-005
0 0 0 -0.375042 -1 -0.00784326 3.05185e-005
0 0 0 -0.375042 -1 -0.00784326 3.05185e-005
0 0 0 -0.445357 -1 -0.00784326 -0.0158696
0 0 0 -0.445357 -1 -0.00784326 -0.0158696
0 0 0 -0.445357 -1 -0.00784326 -0.0158696
0 0 0 -0.445357 -1 -0.00784326 -0.0158696
0 0 0 -0.445357 -1 -0.00784326 -0.0158696
0 0 0 -0.460982 -1 -0.00784326 -0.0396741
0 0 0 -0.460982 -1 -0.00784326 -0.0396741
0 0 0 -0.460982 -1 -0.00784326 -0.0396741
0 0 0 -0.460982 -1 -0.00784326 -0.0396741
0 0 0 -0.460982 -1 -0.00784326 -0.0396741
0 0 0 -0.476608 -1 -0.00784326 -0.0476089
0 0 0 -0.476608 -1 -0.00784326 -0.0476089
0 0 0 -0.476608 -1 -0.00784326 -0.0476089
0 0 0 -0.476608 -1 -0.00784326 -0.0476089
0 0 0 -0.476608 -1 -0.00784326 -0.0476089
0 0 0 -0.476608 -1 -0.00784326 -0.0476089
0 0 0 -0.476608 -1 -0.00784326 -0.0476089
0 0 0 -0.476608 -1 -0.00784326 -0.0476089
0 0 0 -0.476608 -1 -0.00784326 -0.0476089
0 0 0 -0.476608 -1 -0.00784326 -0.0476089
0 0 0 -0.476608 -1 -0.00784326 -0.0476089
0 0 0 -0.476608 -1 -0.00784326 -0.0476089
0 0 0 -0.476608 -1 -0.00784326 -0.0476089
0 0 0 -0.476608 -1 -0.00784326 -0.0476089
0 0 0 -0.476608 -1 -0.00784326 -0.0476089
0 0 0 -0.476608 -1 -0.00784326 -0.0476089
0 0 0 -0.476608 -1 -0.00784326 -0.0476089
0 0 0 -0.476608 -1 -0.00784326 -0.0476089
0 0 0 -0.476608 -1 -0.00784326 -0.0476089
0 0 0 -0.476608 -1 -0.00784326 -0.0476089
0 0 0 -0.476608 -1 -0.00784326 -0.0158696
0 0 0 -0.476608 -1 -0.00784326 -0.0158696
0 0 0 -0.476608 -1 -0.00784326 -0.0158696
0 0 0 -0.476608 -1 -0.00784326 -0.0158696
0 0 0 -0.476608 -1 -0.00784326 -0.0158696
0 0 0 -0.476608 -1 -0.00784326 3.05185e-005
0 0 0 -0.476608 -1 -0.00784326 3.05185e-005
0 0 0 -0.476608 -1 -0.00784326 3.05185e-005
0 0 0 -0.476608 -1 -0.00784326 3.05185e-005
0 0 0 -0.476608 -1 -0.00784326 3.05185e-005
0 0 0 -0.476608 -1 -0.00784326 3.05185e-005
0 0 0 -0.476608 -1 -0.00784326 3.05185e-005
0 0 0 -0.476608 -1 -0.00784326 3.05185e-005
0 0 0 -0.476608 -1 -0.00784326 3.05185e-005
0 0 0 -0.476608 -1 -0.00784326 3.05185e-005
0 0 0 -0.476608 -1 -0.00784326 3.05185e-005
0 0 0 -0.476608 -1 -0.00784326 3.05185e-005
0 0 0 -0.476608 -1 -0.00784326 3.05185e-005
0 0 0 -0.476608 -1 -0.00784326 3.05185e-005
0 0 0 -0.476608 -1 -0.00784326 3.05185e-005
0 0 0 -0.476608 -1 -0.00784326 3.05185e-005
0 0 0 -0.476608 -1 -0.00784326 3.05185e-005
0 0 0 -0.476608 -1 -0.00784326 3.05185e-005
0 0 0 -0.476608 -1 -0.00784326 3.05185e-005
0 0 0 -0.476608 -1 -0.00784326 3.05185e-005
0 0 0 -0.476608 -1 -0.00784326 3.05185e-005
0 0 0 -0.476608 -1 -0.00784326 3.05185e-005
0 0 0 -0.476608 -1 -0.00784326 3.05185e-005
0 0 0 -0.476608 -1 -0.00784326 3.05185e-005
0 0 0 -0.476608 -1 -0.00784326 3.05185e-005
0 0 0 -0.476608 -1 -0.00784326 3.05185e-005
0 0 0 -0.476608 -1 -0.00784326 3.05185e-005
0 0 0 -0.476608 -1 -0.00784326 3.05185e-005
0 0 0 -0.476608 -1 -0.00784326 3.05185e-005
0 0 0 -0.476608 -1 -0.00784326 3.05185e-005
0 0 0 -0.476608 -1 -0.00784326 3.05185e-005
0 0 0 -0.476608 -1 -0.00784326 3.05185e-005
0 0 0 -0.476608 -1 -0.00784326 3.05185e-005
0 0 0 -0.476608 -1 -0.00784326 3.05185e-005
0 0 0 -0.476608 -1 -0.00784326 3.05185e-005
0 0 0 -0.476608 -1 -0.00784326 3.05185e-005
0 0 0 -0.476608 -1 -0.00784326 3.05185e-005
0 0 0 -0.476608 -1 -0.00784326 3.05185e-005
0 0 0 -0.476608 -1 -0.00784326 3.05185e-005
0 0 0 -0.476608 -1 -0.00784326 3.05185e-005
0 0 0 -0.476608 -1 -0.00784326 3.05185e-005
0 0 0 -0.476608 -1 -0.00784326 3.05185e-005
0 0 0 -0.476608 -1 -0.00784326 3.05185e-005
0 0 0 -0.476608 -1 -0.00784326 3.05185e-005
0 0 0 -0.476608 -1 -0.00784326 3.05185e-005
0 0 0 -0.476608 -1 -0.00784326 3.05185e-005
0 0 0 -0.476608 -1 -0.00784326 3.05185e-005
0 0 0 -0.476608 -1 -0.00784326 3.05185e-005
0 0 0 -0.476608 -1 -0.00784326 3.05185e-005
0 0 0 -0.476608 -1 -0.00784326 3.05185e-005
0 0 0 -0.476608 -1 -0.00784326 3.05185e-005
0 0 0 -0.476608 -1 -0.00784326 3.05185e-005
0 0 0 -0.476608 -1 -0.00784326 3.05185e-005
0 0 0 -0.476608 -1 -0.00784326 3.05185e-005
0 0 0 -0.476608 -1 -0.00784326 3.05185e-005
0 0 0 -0.406293 -0.96823 -0.00784326 3.05185e-005
0 0 0 -0.406293 -0.96823 -0.00784326 3.05185e-005
0 0 0 -0.406293 -0.96823 -0.00784326 3.05185e-005
0 0 0 -0.406293 -0.96823 -0.00784326 3.05185e-005
0 0 0 -0.406293 -0.96823 -0.00784326 3.05185e-005
0 0 0 -0.343791 -0.888882 -0.00784326 3.05185e-005
0 0 0 -0.343791 -0.888882 -0.00784326 3.05185e-005
0 0 0 -0.343791 -0.888882 -0.00784326 3.05185e-005
0 0 0 -0.343791 -0.888882 -0.00784326 3.05185e-005
0 0 0 -0.343791 -0.888882 -0.00784326 3.05185e-005
0 0 0 -0.320353 -0.833308 -0.00784326 3.05185e-005
0 0 0 -0.320353 -0.833308 -0.00784326 3.05185e-005
0 0 0 -0.320353 -0.833308 -0.00784326 3.05185e-005
0 0 0 -0.320353 -0.833308 -0.00784326 3.05185e-005
0 0 0 -0.320353 -0.833308 -0.00784326 3.05185e-005
0 0 0 -0.289102 -0.769829 -0.00784326 3.05185e-005
0 0 0 -0.289102 -0.769829 -0.00784326 3.05185e-005
0 0 0 -0.289102 -0.769829 -0.00784326 3.05185e-005
0 0 0 -0.289102 -0.769829 -0.00784326 3.05185e-005
0 0 0 -0.289102 -0.769829 -0.00784326 3.05185e-005
0 0 0 -0.218787 -0.70632 -0.00784326 3.05185e-005
0 0 0 -0.218787 -0.70632 -0.00784326 3.05185e-005
0 0 0 -0.218787 -0.70632 -0.00784326 3.05185e-005
0 0 0 -0.218787 -0.70632 -0.00784326 3.05185e-005
0 0 0 -0.218787 -0.70632 -0.00784326 3.05185e-005
0 0 0 -0.132847 -0.626972 -0.00784326 3.05185e-005
0 0 0 -0.132847 -0.626972 -0.00784326 3.05185e-005
0 0 0 -0.132847 -0.626972 -0.00784326 3.05185e-005
0 0 0 -0.132847 -0.626972 -0.00784326 3.05185e-005
0 0 0 -0.132847 -0.626972 -0.00784326 3.05185e-005
0 0 0 -0.00784326 -0.531724 -0.00784326 3.05185e-005
0 0 0 -0.00784326 -0.531724 -0.00784326 3.05185e-005
0 0 0 -0.00784326 -0.531724 -0.00784326 3.05185e-005
0 0 0 -0.00784326 -0.47618 -0.00784326 3.05185e-005
0 0 0 -0.00784326 -0.47618 -0.00784326 3.05185e-005
0 0 0 -0.00784326 -0.428571 -0.00784326 3.05185e-005
0 0 0 -0.00784326 -0.428571 -0.00784326 3.05185e-005
0 0 0 -0.00784326 -0.428571 -0.00784326 3.05185e-005
