0 0 0 0 0 0 0.00784326
0 0 0 0 0 0 0.00784326
0 0 0 0 0 0 0.00784326
0 0 0 0 0 0 0.00784326
0 0 0 0 0 0 0.00784326
0 0 0 0 0 0 0.00784326
0 0 0 0 0 0 0.00784326
0 0 0 0 0 0 0.00784326
0 0 0 0 0 0 0.00784326
0 0 0 0 0 0 0.00784326
0 0 0 0 0 0 0.00784326
0 0 0 0 0 0 0.00784326
0 0 0 0 0 0 0.00784326
0 0 0 0 0 0 0.00784326
0 0 0 0 0 0 0.00784326
0 0 0 0 0 0 0.00784326
0 0 0 0 0 0 0.00784326
0 0 0 0 0 0 0.00784326
0 0 0 0 0 0 0.00784326
0 0 0 0 0 0 0.00784326
0 0 0 0 0 0 0.00784326
0 0 0 0 0 0 0.00784326
0 0 0 0 0 0 0.00784326
0 0 0 0 0 0 0.00784326
0 0 0 0 0 0 0.00784326
0 0 0 0 0 0 0.00784326
0 0 0 0 0 0 0.00784326
0 0 0 0 0 0 0.00784326
0 0 0 0 0 0 0.00784326
0 0 0 0 0 0 0.00784326
0 0 0 0 0 0 0.00784326
0 0 0 0 0 0 0.00784326
0 0 0 0 0 0 0.00784326
0 0 0 0 0 0 0.00784326
0 0 0 0 0 0 0.00784326
0 0 0 0 0 0 0.00784326
0 0 0 0 0 0 0.00784326
0 0 0 0 0 0 0.00784326
0 0 0 0 0 0 0.00784326
0 0 0 0 0 0 0.00784326
0 0 0 0 0 0 0.00784326
0 0 0 0 0 0 0.00784326
0 0 0 0 0 0 0.00784326
0 0 0 0 0 0 0.00784326
0 0 0 0 0 0 0.00784326
0 0 0 0 0 0 0.00784326
0 0 0 0 0 0 0.00784326
0 0 0 0 0 0 0.00784326
0 0 0 0 0 0 0.00784326
0 0 0 0 0 0 0.00784326
0 0 0 0 0 0 0.00784326
0 0 0 0 0 0 0.00784326
0 0 0 0 0 0 0.00784326
0 0 0 0 0 0 0.00784326
0 0 0 0 0 0 0.00784326
0 0 0 0 0 0 0.00784326
0 0 0 0 0 0 0.00784326
0 0 0 0 0 0 0.00784326
0 0 0 0 0 0 0.00784326
0 0 0 0 0 0 0.00784326
0 0 0 0 0 0 0.00784326
0 0 0 0 0 0 0.00784326
0 0 0 0 0 0 0.00784326
0 0 0 0 0 0 0.00784326
0 0 0 0 0 0 0.00784326
0 0 0 0 0 0 0.00784326
0 0 0 0 0 0 0.00784326
0 0 0 0 0 0 0.00784326
0 0 0 0 0 0 0.00784326
0 0 0 0 0 0 0.00784326
0 0 0 0 0 0 0.00784326
0 0 0 0 0 0 0.00784326
0 0 0 0 0 0 0.00784326
0 0 0 0 0 0 0.00784326
0 0 0 0 0 0 0.00784326
0 0 0 0 0 0 0.00784326
0 0 0 0 0 0 0.00784326
0 0 0 0 0 0 0.00784326
0 0 0 0 0 0 0.00784326
0 0 0 0 0 0 0.00784326
0 0 0 0 0 0 0.00784326
0 0 0 0 0 0 0.00784326
0 0 0 0 0 0 0.00784326
0 0 0 0 0 0 0.00784326
0 0 0 0 0 0 0.00784326
0 0 0 0 0 0 0.00784326
0 0 0 0 0 0 0.00784326
0 0 0 0 0 0 0.00784326
0 0 0 0 0 0 0.00784326
0 0 0 0 0 0 0.00784326
0 0 0 0 0 0 0.00784326
0 0 0 0 0 0 0.00784326
0 0 0 0 0 0 0.00784326
0 0 0 0 0 0 0.00784326
0 0 0 0 0 0 0.00784326
0 0 0 0 0 0 0.00784326
0 0 0 0 0 0 0.00784326
0 0 0 0 0 0 0.00784326
0 0 0 0 0 0 0.00784326
0 0 0 0 0 0 0.00784326
0 0 0 0 0 0 0.00784326
0 0 0 0 0 0 0.00784326
0 0 0 0 0 0 0.00784326
0 0 0 0 0 0 0.00784326
0 0 0 0 0 0 0.00784326
0 0 0 0 0 0 0.00784326
0 0 0 0 0 0 0.00784326
0 0 0 0 0 0 0.00784326
0 0 0 0 0 0 0.00784326
0 0 0 0 0 0 0.00784326
0 0 0 0 0 0 0.00784326
0 0 0 0 0 0 0.00784326
0 0 0 0 0 0 0.00784326
0 0 0 0 0 0 0.00784326
0 0 0 0 0 0 0.00784326
0 0 0 0 0 0 0.00784326
0 0 0 0 0 0 0.00784326
0 0 0 0 0 0 0.00784326
0 0 0 0 0 0 0.00784326
0 0 0 0 0 0 0.00784326
0 0 0 -0.0234687 0 0 0.00784326
0 0 0 -0.0234687 0 0 0.00784326
0 0 0 -0.0234687 0 0 0.00784326
0 0 0 -0.0234687 0 0 0.00784326
0 0 0 -0.0234687 0 0 0.00784326
0 0 0 -0.0547197 0 0 0.00784326
0 0 0 -0.0547197 0 0 0.00784326
0 0 0 -0.0547197 0 0 0.00784326
0 0 0 -0.0547197 0 0 0.00784326
0 0 0 -0.0547197 0 0 0.00784326
0 0 0 -0.0703452 0 0 0.00784326
0 0 0 -0.0703452 0 0 0.00784326
0 0 0 -0.0703452 0 0 0.00784326
0 0 0 -0.0703452 0 0 0.00784326
0 0 0 -0.0703452 0 0 0.00784326
0 0 0 -0.101596 -0.0238044 0 0.00784326
0 0 0 -0.101596 -0.0238044 0 0.00784326
0 0 0 -0.101596 -0.0238044 0 0.00784326
0 0 0 -0.101596 -0.0238044 0 0.00784326
0 0 0 -0.101596 -0.0238044 0 0.00784326
0 0 0 -0.171911 -0.0317392 0 0.00784326
0 0 0 -0.171911 -0.0317392 0 0.00784326
0 0 0 -0.171911 -0.0317392 0 0.00784326
0 0 0 -0.171911 -0.0317392 0 0.00784326
0 0 0 -0.171911 -0.0317392 0 0.00784326
0 0 0 -0.218787 -0.0317392 0 0.00784326
0 0 0 -0.218787 -0.0317392 0 0.00784326
0 0 0 -0.218787 -0.0317392 0 0.00784326
0 0 0 -0.218787 -0.0317392 0 0.00784326
0 0 0 -0.218787 -0.0317392 0 0.00784326
0 0 0 -0.250038 -0.00793481 0 0.00784326
0 0 0 -0.250038 -0.00793481 0 0.00784326
0 0 0 -0.250038 -0.00793481 0 0.00784326
0 0 0 -0.250038 -0.00793481 0 0.00784326
0 0 0 -0.250038 -0.00793481 0 0.00784326
0 0 0 -0.335978 -0.00793481 0 0.00784326
0 0 0 -0.335978 -0.00793481 0 0.00784326
0 0 0 -0.335978 -0.00793481 0 0.00784326
0 0 0 -0.335978 -0.00793481 0 0.00784326
0 0 0 -0.335978 -0.00793481 0 0.00784326
0 0 0 -0.367229 -0.00793481 0 0.00784326
0 0 0 -0.367229 -0.00793481 0 0.00784326
0 0 0 -0.367229 -0.00793481 0 0.00784326
0 0 0 -0.367229 -0.00793481 0 0.00784326
0 0 0 -0.367229 -0.00793481 0 0.00784326
0 0 0 -0.382855 3.05185e-005 0 0.00784326
0 0 0 -0.382855 3.05185e-005 0 0.00784326
0 0 0 -0.382855 3.05185e-005 0 0.00784326
0 0 0 -0.382855 3.05185e-005 0 0.00784326
0 0 0 -0.382855 3.05185e-005 0 0.00784326
0 0 0 -0.421918 3.05185e-005 0 0.00784326
0 0 0 -0.421918 3.05185e-005 0 0.00784326
0 0 0 -0.421918 3.05185e-005 0 0.00784326
0 0 0 -0.421918 3.05185e-005 0 0.00784326
0 0 0 -0.421918 3.05185e-005 0 0.00784326
0 0 0 -0.437544 3.05185e-005 0 0.00784326
0 0 0 -0.437544 3.05185e-005 0 0.00784326
0 0 0 -0.437544 3.05185e-005 0 0.00784326
0 0 0 -0.437544 3.05185e-005 0 0.00784326
0 0 0 -0.437544 3.05185e-005 0 0.00784326
0 0 0 -0.468795 3.05185e-005 0 0.00784326
0 0 0 -0.468795 3.05185e-005 0 0.00784326
0 0 0 -0.468795 3.05185e-005 0 0.00784326
0 0 0 -0.468795 3.05185e-005 0 0.00784326
0 0 0 -0.468795 3.05185e-005 0 0.00784326
0 0 0 -0.515671 3.05185e-005 0 0.00784326
0 0 0 -0.515671 3.05185e-005 0 0.00784326
0 0 0 -0.515671 3.05185e-005 0 0.00784326
0 0 0 -0.515671 3.05185e-005 0 0.00784326
0 0 0 -0.515671 3.05185e-005 0 0.00784326
0 0 0 -0.57036 3.05185e-005 0 0.00784326
0 0 0 -0.57036 3.05185e-005 0 0.00784326
0 0 0 -0.57036 3.05185e-005 0 0.00784326
0 0 0 -0.57036 3.05185e-005 0 0.00784326
0 0 0 -0.57036 3.05185e-005 0 0.00784326
0 0 0 -0.648488 3.05185e-005 0 0.00784326
0 0 0 -0.648488 3.05185e-005 0 0.00784326
0 0 0 -0.648488 3.05185e-005 0 0.00784326
0 0 0 -0.648488 3.05185e-005 0 0.00784326
0 0 0 -0.648488 3.05185e-005 0 0.00784326
0 0 0 -0.734428 3.05185e-005 0 0.00784326
0 0 0 -0.734428 3.05185e-005 0 0.00784326
0 0 0 -0.734428 3.05185e-005 0 0.00784326
0 0 0 -0.734428 3.05185e-005 0 0.00784326
0 0 0 -0.734428 3.05185e-005 0 0.00784326
0 0 0 -0.734428 -0.0317392 0 0.00784326
0 0 0 -0.734428 -0.0317392 0 0.00784326
0 0 0 -0.734428 -0.0317392 0 0.00784326
0 0 0 -0.750053 -0.0317392 0 0.00784326
0 0 0 -0.750053 -0.0317392 0 0.00784326
0 0 0 -0.765679 -0.0476089 0 0.00784326
0 0 0 -0.765679 -0.0476089 0 0.00784326
0 0 0 -0.765679 -0.0476089 0 0.00784326
0 0 0 -0.765679 -0.0476089 0 0.00784326
0 0 0 -0.781304 -0.0476089 0 0.00784326
0 0 0 -0.804743 -0.0476089 0 0.00784326
0 0 0 -0.804743 -0.0476089 0 0.00784326
0 0 0 -0.804743 -0.0476089 0 0.00784326
0 0 0 -0.820368 -0.0476089 0 0.00784326
0 0 0 -0.820368 -0.0476089 0 0.00784326
0 0 0 -0.820368 -0.0476089 0 0.00784326
0 0 0 -0.820368 -0.0476089 0 0.00784326
0 0 0 -0.820368 -0.0476089 0 0.00784326
0 0 0 -0.820368 -0.0476089 0 0.00784326
0 0 0 -0.820368 -0.0476089 0 0.00784326
0 0 0 -0.835994 -0.0476089 0 0.00784326
0 0 0 -0.835994 -0.0476089 0 0.00784326
0 0 0 -0.835994 -0.0634785 0 0.00784326
0 0 0 -0.835994 -0.0634785 0 0.00784326
0 0 0 -0.835994 -0.0634785 0 0.00784326
0 0 0 -0.851619 -0.0872829 0 0.00784326
0 0 0 -0.851619 -0.0872829 0 0.00784326
0 0 0 -0.851619 -0.0872829 0 0.00784326
0 0 0 -0.851619 -0.0872829 0 0.00784326
0 0 0 -0.851619 -0.0872829 0 0.00784326
0 0 0 -0.88287 -0.0872829 0 0.00784326
0 0 0 -0.88287 -0.0872829 0 0.00784326
0 0 0 -0.88287 -0.0872829 0 0.00784326
0 0 0 -0.88287 -0.0872829 0 0.00784326
0 0 0 -0.88287 -0.0872829 0 0.00784326
0 0 0 -0.914121 -0.0872829 0 0.00784326
0 0 0 -0.914121 -0.0872829 0 0.00784326
0 0 0 -0.914121 -0.0872829 0 0.00784326
0 0 0 -0.914121 -0.0872829 0 0.00784326
0 0 0 -0.914121 -0.0872829 0 0.00784326
0 0 0 -0.953185 -0.0872829 0 0.00784326
0 0 0 -0.953185 -0.0872829 0 0.00784326
0 0 0 -0.953185 -0.0872829 0 0.00784326
0 0 0 -0.953185 -0.0872829 0 0.00784326
0 0 0 -0.953185 -0.0872829 0 0.00784326
0 0 0 -0.96881 -0.0872829 0 0.00784326
0 0 0 -0.96881 -0.0872829 0 0.00784326
0 0 0 -0.96881 -0.0872829 0 0.00784326
0 0 0 -0.96881 -0.0872829 0 0.00784326
0 0 0 -0.96881 -0.0872829 0 0.00784326
0 0 0 -0.96881 -0.103153 0 0.00784326
0 0 0 -0.96881 -0.103153 0 0.00784326
0 0 0 -0.96881 -0.103153 0 0.00784326
0 0 0 -0.96881 -0.103153 0 0.00784326
0 0 0 -0.96881 -0.103153 0 0.00784326
0 0 0 -0.984436 -0.103153 0 0.00784326
0 0 0 -0.984436 -0.103153 0 0.00784326
0 0 0 -0.984436 -0.103153 0 0.00784326
0 0 0 -0.984436 -0.103153 0 0.00784326
0 0 0 -0.984436 -0.103153 0 0.00784326
0 0 0 -0.984436 -0.103153 0 0.00784326
0 0 0 -0.984436 -0.103153 0 0.00784326
0 0 0 -0.984436 -0.103153 0 0.00784326
0 0 0 -0.984436 -0.103153 0 0.00784326
0 0 0 -0.984436 -0.103153 0 0.00784326
0 0 0 -0.984436 -0.103153 0 0.00784326
0 0 0 -0.984436 -0.103153 0 0.00784326
0 0 0 -0.984436 -0.103153 0 0.00784326
0 0 0 -0.984436 -0.103153 0 0.00784326
0 0 0 -0.984436 -0.103153 0 0.00784326
0 0 0 -0.984436 -0.103153 0 0.00784326
0 0 0 -0.984436 -0.103153 0 0.00784326
0 0 0 -0.984436 -0.103153 0 0.00784326
0 0 0 -0.984436 -0.103153 0 0.00784326
0 0 0 -0.984436 -0.103153 0 0.00784326
0 0 0 -0.984436 -0.103153 0 0.00784326
0 0 0 -0.984436 -0.103153 0 0.00784326
0 0 0 -0.984436 -0.103153 0 0.00784326
0 0 0 -0.984436 -0.103153 0 0.00784326
0 0 0 -0.984436 -0.103153 0 0.00784326
0 0 0 -0.984436 -0.103153 0 0.00784326
0 0 0 -0.984436 -0.103153 0 0.00784326
0 0 0 -0.984436 -0.103153 0 0.00784326
0 0 0 -0.984436 -0.103153 0 0.00784326
0 0 0 -0.984436 -0.103153 0 0.00784326
0 0 0 -0.984436 -0.103153 0 0.00784326
0 0 0 -0.984436 -0.103153 0 0.00784326
0 0 0 -0.984436 -0.103153 0 0.00784326
0 0 0 -0.984436 -0.103153 0 0.00784326
0 0 0 -0.984436 -0.103153 0 0.00784326
0 0 0 -0.984436 -0.103153 0 0.00784326
0 0 0 -0.984436 -0.103153 0 0.00784326
0 0 0 -0.984436 -0.103153 0 0.00784326
0 0 0 -0.984436 -0.103153 0 0.00784326
0 0 0 -0.984436 -0.103153 0 0.00784326
0 0 0 -0.984436 -0.103153 0 0.00784326
0 0 0 -0.984436 -0.103153 0 0.00784326
0 0 0 -0.984436 -0.103153 0 0.00784326
0 0 0 -0.984436 -0.103153 0 0.00784326
0 0 0 -0.984436 -0.103153 0 0.00784326
0 0 0 -0.984436 -0.103153 0 0.00784326
0 0 0 -0.984436 -0.103153 0 0.00784326
0 0 0 -0.984436 -0.103153 0 0.00784326
0 0 0 -0.984436 -0.103153 0 0.00784326
0 0 0 -0.984436 -0.103153 0 0.00784326
0 0 0 -0.984436 -0.103153 0 0.00784326
0 0 0 -0.984436 -0.103153 0 0.00784326
0 0 0 -0.984436 -0.103153 0 0.00784326
0 0 0 -0.984436 -0.103153 0 0.00784326
0 0 0 -0.984436 -0.103153 0 0.00784326
0 0 0 -0.984436 -0.103153 0 0.00784326
0 0 0 -0.984436 -0.103153 0 0.00784326
0 0 0 -0.984436 -0.103153 0 0.00784326
0 0 0 -0.984436 -0.103153 0 0.00784326
0 0 0 -0.984436 -0.103153 0 0.00784326
0 0 0 -0.984436 -0.103153 0 0.00784326
0 0 0 -0.984436 -0.103153 0 0.00784326
0 0 0 -0.984436 -0.103153 0 0.00784326
0 0 0 -0.984436 -0.103153 0 0.00784326
0 0 0 -0.984436 -0.103153 0 0.00784326
0 0 0 -0.984436 -0.103153 0 0.00784326
0 0 0 -0.984436 -0.103153 0 0.00784326
0 0 0 -0.984436 -0.103153 0 0.00784326
0 0 0 -0.984436 -0.103153 0 0.00784326
0 0 0 -0.984436 -0.103153 0 0.00784326
0 0 0 -0.984436 -0.103153 0 0.00784326
0 0 0 -0.984436 -0.103153 0 0.00784326
0 0 0 -0.984436 -0.103153 0 0.00784326
0 0 0 -0.984436 -0.103153 0 0.00784326
0 0 0 -0.984436 -0.103153 0 0.00784326
0 0 0 -0.984436 -0.103153 0 0.00784326
0 0 0 -0.984436 -0.103153 0 0.00784326
0 0 0 -0.984436 -0.103153 0 0.00784326
0 0 0 -0.984436 -0.103153 0 0.00784326
0 0 0 -0.984436 -0.103153 0 0.00784326
0 0 0 -0.984436 -0.103153 0 0.00784326
0 0 0 -0.984436 -0.103153 0 0.00784326
0 0 0 -0.984436 -0.103153 0 0.00784326
0 0 0 -0.984436 -0.103153 0 0.00784326
0 0 0 -0.984436 -0.103153 0 0.00784326
0 0 0 -0.984436 -0.103153 0 0.00784326
0 0 0 -0.984436 -0.103153 0 0.00784326
0 0 0 -0.984436 -0.103153 0 0.00784326
0 0 0 -0.984436 -0.103153 0 0.00784326
0 0 0 -0.984436 -0.103153 0 0.00784326
0 0 0 -0.984436 -0.103153 0 0.00784326
0 0 0 -0.984436 -0.103153 0 0.00784326
0 0 0 -0.984436 -0.103153 0 0.00784326
0 0 0 -0.984436 -0.103153 0 0.00784326
0 0 0 -0.984436 -0.103153 0 0.00784326
0 0 0 -0.984436 -0.103153 0 0.00784326
0 0 0 -0.984436 -0.103153 0 0.00784326
0 0 0 -0.984436 -0.103153 0 0.00784326
0 0 0 -0.984436 -0.103153 0 0.00784326
0 0 0 -0.984436 -0.103153 0 0.00784326
0 0 0 -0.984436 -0.103153 0 0.00784326
0 0 0 -0.984436 -0.103153 0 0.00784326
0 0 0 -0.984436 -0.103153 0 0.00784326
0 0 0 -0.984436 -0.103153 0 0.00784326
0 0 0 -0.984436 -0.103153 0 0.00784326
0 0 0 -0.984436 -0.0793481 0 0.00784326
0 0 0 -0.984436 -0.0793481 0 0.00784326
0 0 0 -0.984436 -0.0793481 0 0.00784326
0 0 0 -0.984436 -0.0793481 0 0.00784326
0 0 0 -0.984436 -0.0793481 0 0.00784326
0 0 0 -0.984436 -0.0793481 0 0.00784326
0 0 0 -0.984436 -0.0793481 0 0.00784326
0 0 0 -0.984436 -0.0793481 0 0.00784326
0 0 0 -0.984436 -0.0793481 0 0.00784326
0 0 0 -0.984436 -0.0793481 0 0.00784326
0 0 0 -0.984436 -0.0793481 0 0.00784326
0 0 0 -0.984436 -0.0793481 0 0.00784326
0 0 0 -0.984436 -0.0793481 0 0.00784326
0 0 0 -0.984436 -0.0793481 0 0.00784326
0 0 0 -0.984436 -0.0793481 0 0.00784326
0 0 0 -0.984436 -0.0793481 0 0.00784326
0 0 0 -0.984436 -0.0793481 0 0.00784326
0 0 0 -0.984436 -0.0793481 0 0.00784326
0 0 0 -0.984436 -0.0793481 0 0.00784326
0 0 0 -0.984436 -0.0793481 0 0.00784326
0 0 0 -0.984436 -0.0793481 0 0.00784326
0 0 0 -0.984436 -0.0793481 0 0.00784326
0 0 0 -0.984436 -0.0793481 0 0.00784326
0 0 0 -0.984436 -0.0793481 0 0.00784326
0 0 0 -0.984436 -0.0793481 0 0.00784326
0 0 0 -0.984436 -0.0793481 0 0.00784326
0 0 0 -0.984436 -0.0793481 0 0.00784326
0 0 0 -0.984436 -0.0793481 0 0.00784326
0 0 0 -0.984436 -0.0793481 0 0.00784326
0 0 0 -0.984436 -0.0793481 0 0.00784326
0 0 0 -0.984436 -0.0793481 0 0.00784326
0 0 0 -0.984436 -0.0793481 0 0.00784326
0 0 0 -0.984436 -0.0793481 0 0.00784326
0 0 0 -0.984436 -0.0793481 0 0.00784326
0 0 0 -0.984436 -0.0793481 0 0.00784326
0 0 0 -0.984436 -0.0634785 0 0.00784326
0 0 0 -0.984436 -0.0634785 0 0.00784326
0 0 0 -0.984436 -0.0634785 0 0.00784326
0 0 0 -0.984436 -0.0634785 0 0.00784326
0 0 0 -0.984436 -0.0634785 0 0.00784326
0 0 0 -0.984436 -0.0476089 0 0.00784326
0 0 0 -0.984436 -0.0476089 0 0.00784326
0 0 0 -0.984436 -0.0476089 0 0.00784326
0 0 0 -0.984436 -0.0476089 0 0.00784326
0 0 0 -0.984436 -0.0476089 0 0.00784326
0 0 0 -0.984436 -0.0238044 0 0.00784326
0 0 0 -0.984436 -0.0238044 0 0.00784326
0 0 0 -0.984436 -0.0238044 0 0.00784326
0 0 0 -0.984436 -0.0238044 0 0.00784326
0 0 0 -0.984436 -0.0238044 0 0.00784326
0 0 0 -0.953185 -0.00793481 0 0.00784326
0 0 0 -0.953185 -0.00793481 0 0.00784326
0 0 0 -0.953185 -0.00793481 0 0.00784326
0 0 0 -0.953185 -0.00793481 0 0.00784326
0 0 0 -0.953185 -0.00793481 0 0.00784326
0 0 0 -0.914121 3.05185e-005 0 0.00784326
0 0 0 -0.914121 3.05185e-005 0 0.00784326
0 0 0 -0.914121 3.05185e-005 0 0.00784326
0 0 0 -0.898495 3.05185e-005 0 0.00784326
0 0 0 -0.898495 3.05185e-005 0 0.00784326
0 0 0 -0.88287 3.05185e-005 0 0.00784326
0 0 0 -0.88287 3.05185e-005 0 0.00784326
0 0 0 -0.88287 3.05185e-005 0 0.00784326
0 0 0 -0.88287 3.05185e-005 0 0.00784326
0 0 0 -0.867244 3.05185e-005 0 0.00784326
0 0 0 -0.820368 3.05185e-005 0 0.00784326
0 0 0 -0.820368 3.05185e-005 0 0.00784326
0 0 0 -0.820368 3.05185e-005 0 0.00784326
0 0 0 -0.804743 3.05185e-005 0 0.00784326
0 0 0 -0.804743 3.05185e-005 0 0.00784326
0 0 0 -0.781304 0.00784326 0 0.00784326
0 0 0 -0.734428 0.00784326 0 0.00784326
0 0 0 -0.734428 0.00784326 0 0.00784326
0 0 0 -0.734428 0.00784326 0 0.00784326
0 0 0 -0.734428 0.00784326 0 0.00784326
0 0 0 -0.703177 0.00784326 0 0.00784326
0 0 0 -0.703177 0.00784326 0 0.00784326
0 0 0 -0.687551 0.00784326 0 0.00784326
0 0 0 -0.687551 0.00784326 0 0.00784326
0 0 0 -0.687551 0.00784326 0 0.00784326
0 0 0 -0.671926 0.00784326 0 0.00784326
0 0 0 -0.632862 0.00784326 0 0.00784326
0 0 0 -0.632862 0.00784326 0 0.00784326
0 0 0 -0.632862 0.00784326 0 0.00784326
0 0 0 -0.632862 0.00784326 0 0.00784326
0 0 0 -0.585986 0.0469069 0 0.00784326
0 0 0 -0.585986 0.0469069 0 0.00784326
0 0 0 -0.585986 0.0469069 0 0.00784326
0 0 0 -0.585986 0.0469069 0 0.00784326
0 0 0 -0.585986 0.0469069 0 0.00784326
0 0 0 -0.468795 0.109409 0 0.00784326
0 0 0 -0.468795 0.109409 0 0.00784326
0 0 0 -0.468795 0.109409 0 0.00784326
0 0 0 -0.468795 0.109409 0 0.00784326
0 0 0 -0.468795 0.109409 0 0.00784326
0 0 0 -0.367229 0.14066 0 0.00784326
0 0 0 -0.335978 0.156285 0 0.00784326
0 0 0 -0.335978 0.156285 0 0.00784326
0 0 0 -0.335978 0.156285 0 0.00784326
0 0 0 -0.289102 0.171911 0 0.00784326
0 0 0 -0.289102 0.171911 0 0.00784326
0 0 0 -0.203162 0.187536 0 0.00784326
0 0 0 -0.203162 0.187536 0 0.00784326
0 0 0 -0.203162 0.187536 0 0.00784326
0 0 0 -0.203162 0.187536 0 0.00784326
0 0 0 -0.156285 0.203162 0 0.00784326
0 0 0 -0.156285 0.203162 0 0.00784326
0 0 0 -0.156285 0.203162 0 0.00784326
0 0 0 -0.156285 0.203162 0 0.00784326
0 0 0 -0.156285 0.203162 0 0.00784326
0 0 0 -0.0390942 0.218787 0 0.00784326
0 0 0 -0.0390942 0.218787 0 0.00784326
0 0 0 -0.0390942 0.218787 0 0.00784326
0 0 0 -0.0390942 0.218787 0 0.00784326
0 0 0 -0.0390942 0.218787 0 0.00784326
0 0 0 -0.0234687 0.218787 0 0.00784326
0 0 0 -0.0234687 0.218787 0 0.00784326
0 0 0 -0.0234687 0.218787 0 0.00784326
0 0 0 -0.0234687 0.218787 0 0.00784326
0 0 0 -0.0234687 0.218787 0 0.00784326
0 0 0 -0.00784326 0.218787 0 0.00784326
0 0 0 -0.00784326 0.218787 0 0.00784326
0 0 0 -0.00784326 0.218787 0 0.00784326
0 0 0 -0.00784326 0.218787 0 0.00784326
0 0 0 -0.00784326 0.218787 0 0.00784326
0 0 0 -0.00784326 0.234413 0 0.00784326
0 0 0 -0.00784326 0.234413 0 0.00784326
0 0 0 -0.00784326 0.234413 0 0.00784326
0 0 0 -0.00784326 0.234413 0 0.00784326
0 0 0 -0.00784326 0.234413 0 0.00784326
0 0 0 -3.05185e-005 0.234413 0 0.00784326
0 0 0 -3.05185e-005 0.234413 0 0.00784326
0 0 0 -3.05185e-005 0.234413 0 0.00784326
0 0 0 -3.05185e-005 0.234413 0 0.00784326
0 0 0 -3.05185e-005 0.234413 0 0.00784326
0 0 0 -3.05185e-005 0.234413 0 0.00784326
0 0 0 -3.05185e-005 0.234413 0 0.00784326
0 0 0 -3.05185e-005 0.234413 0 0.00784326
0 0 0 -3.05185e-005 0.234413 0 0.00784326
0 0 0 -3.05185e-005 0.234413 0 0.00784326
0 0 0 -3.05185e-005 0.234413 0 0.00784326
0 0 0 -3.05185e-005 0.234413 0 0.00784326
0 0 0 -3.05185e-005 0.234413 0 0.00784326
0 0 0 -3.05185e-005 0.234413 0 0.00784326
0 0 0 -3.05185e-005 0.234413 0 0.00784326
0 0 0 -3.05185e-005 0.234413 0 0.00784326
0 0 0 -3.05185e-005 0.234413 0 0.00784326
0 0 0 -3.05185e-005 0.234413 0 0.00784326
0 0 0 -3.05185e-005 0.234413 0 0.00784326
0 0 0 -3.05185e-005 0.234413 0 0.00784326
0 0 0 0.0158696 0.203162 0 0.00784326
0 0 0 0.0158696 0.203162 0 0.00784326
0 0 0 0.0158696 0.203162 0 0.00784326
0 0 0 0.0158696 0.203162 0 0.00784326
0 0 0 0.0158696 0.203162 0 0.00784326
0 0 0 0.0238044 0.203162 0 0.00784326
0 0 0 0.0238044 0.203162 0 0.00784326
0 0 0 0.0238044 0.203162 0 0.00784326
0 0 0 0.0317392 0.203162 0 0.00784326
0 0 0 0.0317392 0.203162 0 0.00784326
0 0 0 0.0476089 0.234413 0 0.00784326
0 0 0 0.0476089 0.234413 0 0.00784326
0 0 0 0.0476089 0.234413 0 0.00784326
0 0 0 0.0476089 0.234413 0 0.00784326
0 0 0 0.0476089 0.234413 0 0.00784326
0 0 0 0.0555437 0.234413 0 0.00784326
0 0 0 0.0555437 0.234413 0 0.00784326
0 0 0 0.0634785 0.234413 0 0.00784326
0 0 0 0.0634785 0.234413 0 0.00784326
0 0 0 0.0634785 0.234413 0 0.00784326
0 0 0 0.111087 0.250038 0 0.00784326
0 0 0 0.111087 0.250038 0 0.00784326
0 0 0 0.111087 0.250038 0 0.00784326
0 0 0 0.111087 0.250038 0 0.00784326
0 0 0 0.111087 0.250038 0 0.00784326
0 0 0 0.150792 0.250038 0 0.00784326
0 0 0 0.150792 0.250038 0 0.00784326
0 0 0 0.150792 0.250038 0 0.00784326
0 0 0 0.150792 0.250038 0 0.00784326
0 0 0 0.150792 0.250038 0 0.00784326
0 0 0 0.182531 0.257851 0 0.00784326
0 0 0 0.182531 0.257851 0 0.00784326
0 0 0 0.182531 0.257851 0 0.00784326
0 0 0 0.182531 0.257851 0 0.00784326
0 0 0 0.182531 0.257851 0 0.00784326
0 0 0 0.238075 0.257851 0 0.00784326
0 0 0 0.238075 0.257851 0 0.00784326
0 0 0 0.238075 0.257851 0 0.00784326
0 0 0 0.238075 0.257851 0 0.00784326
0 0 0 0.238075 0.257851 0 0.00784326
0 0 0 0.269814 0.257851 0 0.00784326
0 0 0 0.269814 0.257851 0 0.00784326
0 0 0 0.269814 0.257851 0 0.00784326
0 0 0 0.269814 0.257851 0 0.00784326
0 0 0 0.269814 0.257851 0 0.00784326
0 0 0 0.277749 0.273476 0 0.00784326
0 0 0 0.277749 0.273476 0 0.00784326
0 0 0 0.277749 0.273476 0 0.00784326
0 0 0 0.277749 0.273476 0 0.00784326
0 0 0 0.277749 0.273476 0 0.00784326
0 0 0 0.317454 0.304727 0 0.00784326
0 0 0 0.317454 0.304727 0 0.00784326
0 0 0 0.317454 0.304727 0 0.00784326
0 0 0 0.317454 0.304727 0 0.00784326
0 0 0 0.317454 0.304727 0 0.00784326
0 0 0 0.396802 0.320353 0 0.00784326
0 0 0 0.396802 0.320353 0 0.00784326
0 0 0 0.396802 0.320353 0 0.00784326
0 0 0 0.396802 0.320353 0 0.00784326
0 0 0 0.396802 0.320353 0 0.00784326
0 0 0 0.436506 0.320353 0 0.00784326
0 0 0 0.436506 0.320353 0 0.00784326
0 0 0 0.436506 0.320353 0 0.00784326
0 0 0 0.436506 0.320353 0 0.00784326
0 0 0 0.468245 0.320353 0 0.00784326
0 0 0 0.499985 0.320353 0 0.00784326
0 0 0 0.499985 0.320353 0 0.00784326
0 0 0 0.499985 0.320353 0 0.00784326
0 0 0 0.499985 0.320353 0 0.00784326
0 0 0 0.499985 0.320353 0 0.00784326
0 0 0 0.563463 0.320353 0 0.00784326
0 0 0 0.563463 0.320353 0 0.00784326
0 0 0 0.563463 0.320353 0 0.00784326
0 0 0 0.579363 0.320353 0 0.00784326
0 0 0 0.579363 0.320353 0 0.00784326
0 0 0 0.595233 0.320353 0 0.00784326
0 0 0 0.595233 0.320353 0 0.00784326
0 0 0 0.595233 0.320353 0 0.00784326
0 0 0 0.595233 0.320353 0 0.00784326
0 0 0 0.595233 0.320353 0 0.00784326
0 0 0 0.642842 0.320353 0 0.00784326
0 0 0 0.642842 0.320353 0 0.00784326
0 0 0 0.642842 0.320353 0 0.00784326
0 0 0 0.650777 0.289102 0 0.00784326
0 0 0 0.650777 0.289102 0 0.00784326
0 0 0 0.682516 0.250038 0 0.00784326
0 0 0 0.682516 0.250038 0 0.00784326
0 0 0 0.682516 0.250038 0 0.00784326
0 0 0 0.682516 0.250038 0 0.00784326
0 0 0 0.682516 0.250038 0 0.00784326
0 0 0 0.73809 0.218787 0 0.00784326
0 0 0 0.73809 0.218787 0 0.00784326
0 0 0 0.746025 0.218787 0 0.00784326
0 0 0 0.746025 0.218787 0 0.00784326
0 0 0 0.746025 0.218787 0 0.00784326
0 0 0 0.761895 0.218787 0 0.00784326
0 0 0 0.761895 0.218787 0 0.00784326
0 0 0 0.761895 0.218787 0 0.00784326
0 0 0 0.769829 0.218787 0 0.00784326
0 0 0 0.769829 0.218787 0 0.00784326
0 0 0 0.777764 0.187536 0 0.00784326
0 0 0 0.777764 0.187536 0 0.00784326
0 0 0 0.777764 0.187536 0 0.00784326
0 0 0 0.777764 0.187536 0 0.00784326
0 0 0 0.777764 0.187536 0 0.00784326
0 0 0 0.793634 0.187536 0 0.00784326
0 0 0 0.793634 0.187536 0 0.00784326
0 0 0 0.801569 0.187536 0 0.00784326
0 0 0 0.801569 0.187536 0 0.00784326
0 0 0 0.801569 0.187536 0 0.00784326
0 0 0 0.809503 0.187536 0 0.00784326
0 0 0 0.809503 0.187536 0 0.00784326
0 0 0 0.809503 0.187536 0 0.00784326
0 0 0 0.809503 0.187536 0 0.00784326
0 0 0 0.809503 0.187536 0 0.00784326
0 0 0 0.825373 0.187536 0 0.00784326
0 0 0 0.825373 0.187536 0 0.00784326
0 0 0 0.825373 0.187536 0 0.00784326
0 0 0 0.825373 0.187536 0 0.00784326
0 0 0 0.825373 0.187536 0 0.00784326
0 0 0 0.825373 0.187536 0 0.00784326
0 0 0 0.825373 0.187536 0 0.00784326
0 0 0 0.825373 0.187536 0 0.00784326
0 0 0 0.825373 0.187536 0 0.00784326
0 0 0 0.825373 0.187536 0 0.00784326
0 0 0 0.825373 0.171911 0 0.00784326
0 0 0 0.825373 0.171911 0 0.00784326
0 0 0 0.825373 0.171911 0 0.00784326
0 0 0 0.825373 0.171911 0 0.00784326
0 0 0 0.825373 0.171911 0 0.00784326
0 0 0 0.833308 0.156285 0 0.00784326
0 0 0 0.833308 0.156285 0 0.00784326
0 0 0 0.833308 0.156285 0 0.00784326
0 0 0 0.833308 0.156285 0 0.00784326
0 0 0 0.833308 0.156285 0 0.00784326
0 0 0 0.833308 0.156285 0 0.00784326
0 0 0 0.833308 0.156285 0 0.00784326
0 0 0 0.833308 0.156285 0 0.00784326
0 0 0 0.833308 0.156285 0 0.00784326
0 0 0 0.833308 0.156285 0 0.00784326
0 0 0 0.833308 0.156285 0 0.00784326
0 0 0 0.833308 0.156285 0 0.00784326
0 0 0 0.833308 0.156285 0 0.00784326
0 0 0 0.833308 0.156285 0 0.00784326
0 0 0 0.833308 0.156285 0 0.00784326
0 0 0 0.857143 0.156285 0 0.00784326
0 0 0 0.857143 0.156285 0 0.00784326
0 0 0 0.857143 0.156285 0 0.00784326
0 0 0 0.857143 0.156285 0 0.00784326
0 0 0 0.857143 0.156285 0 0.00784326
0 0 0 0.865078 0.156285 0 0.00784326
0 0 0 0.865078 0.156285 0 0.00784326
0 0 0 0.865078 0.156285 0 0.00784326
0 0 0 0.865078 0.156285 0 0.00784326
0 0 0 0.865078 0.156285 0 0.00784326
0 0 0 0.888882 0.156285 0 0.00784326
0 0 0 0.888882 0.156285 0 0.00784326
0 0 0 0.888882 0.156285 0 0.00784326
0 0 0 0.888882 0.156285 0 0.00784326
0 0 0 0.888882 0.156285 0 0.00784326
0 0 0 0.904752 0.156285 0 0.00784326
0 0 0 0.904752 0.156285 0 0.00784326
0 0 0 0.904752 0.156285 0 0.00784326
0 0 0 0.904752 0.156285 0 0.00784326
0 0 0 0.904752 0.156285 0 0.00784326
0 0 0 0.936491 0.156285 0 0.00784326
0 0 0 0.936491 0.156285 0 0.00784326
0 0 0 0.936491 0.156285 0 0.00784326
0 0 0 0.936491 0.156285 0 0.00784326
0 0 0 0.936491 0.156285 0 0.00784326
0 0 0 0.936491 0.156285 0 0.00784326
0 0 0 0.936491 0.156285 0 0.00784326
0 0 0 0.936491 0.156285 0 0.00784326
0 0 0 0.936491 0.156285 0 0.00784326
0 0 0 0.936491 0.156285 0 0.00784326
0 0 0 0.952361 0.14066 0 0.00784326
0 0 0 0.952361 0.14066 0 0.00784326
0 0 0 0.952361 0.14066 0 0.00784326
0 0 0 0.952361 0.14066 0 0.00784326
0 0 0 0.952361 0.14066 0 0.00784326
0 0 0 0.960295 0.14066 0 0.00784326
0 0 0 0.960295 0.14066 0 0.00784326
0 0 0 0.960295 0.14066 0 0.00784326
0 0 0 0.960295 0.14066 0 0.00784326
0 0 0 0.960295 0.14066 0 0.00784326
0 0 0 0.9841 0.14066 0 0.00784326
0 0 0 1 0.14066 0 0.00784326
0 0 0 1 0.14066 0 0.00784326
0 0 0 1 0.14066 0 0.00784326
0 0 0 1 0.14066 0 0.00784326
0 0 0 1 0.14066 0 0.00784326
0 0 0 1 0.14066 0 0.00784326
0 0 0 1 0.14066 0 0.00784326
0 0 0 1 0.14066 0 0.00784326
0 0 0 1 0.14066 0 0.00784326
0 0 0 1 0.187536 0 0.00784326
0 0 0 1 0.187536 0 0.00784326
0 0 0 1 0.187536 0 0.00784326
0 0 0 1 0.187536 0 0.00784326
0 0 0 1 0.187536 0 0.00784326
0 0 0 1 0.218787 0 0.00784326
0 0 0 1 0.234413 0 0.00784326
0 0 0 1 0.234413 0 0.00784326
0 0 0 1 0.234413 0 0.00784326
0 0 0 1 0.234413 0 0.00784326
0 0 0 1 0.234413 0 0.00784326
0 0 0 1 0.234413 0 0.00784326
0 0 0 1 0.234413 0 0.00784326
0 0 0 1 0.234413 0 0.00784326
0 0 0 1 0.234413 0 0.00784326
0 0 0 1 0.234413 0 0.00784326
0 0 0 1 0.234413 0 0.00784326
0 0 0 1 0.234413 0 0.00784326
0 0 0 1 0.234413 0 0.00784326
0 0 0 1 0.234413 0 0.00784326
0 0 0 1 0.250038 0 0.00784326
0 0 0 1 0.250038 0 0.00784326
0 0 0 1 0.250038 0 0.00784326
0 0 0 1 0.250038 0 0.00784326
0 0 0 1 0.250038 0 0.00784326
0 0 0 1 0.250038 0 0.00784326
0 0 0 1 0.250038 0 0.00784326
0 0 0 1 0.250038 0 0.00784326
0 0 0 1 0.250038 0 0.00784326
0 0 0 1 0.250038 0 0.00784326
0 0 0 1 0.250038 0 0.00784326
0 0 0 1 0.250038 0 0.00784326
0 0 0 1 0.250038 0 0.00784326
0 0 0 1 0.250038 0 0.00784326
0 0 0 1 0.250038 0 0.00784326
0 0 0 1 0.250038 0 0.00784326
0 0 0 1 0.250038 0 0.00784326
0 0 0 1 0.250038 0 0.00784326
0 0 0 1 0.250038 0 0.00784326
0 0 0 1 0.250038 0 0.00784326
0 0 0 1 0.250038 0 0.00784326
0 0 0 1 0.250038 0 0.00784326
0 0 0 1 0.250038 0 0.00784326
0 0 0 1 0.250038 0 0.00784326
0 0 0 1 0.250038 0 0.00784326
0 0 0 1 0.250038 0 0.00784326
0 0 0 1 0.250038 0 0.00784326
0 0 0 1 0.250038 0 0.00784326
0 0 0 1 0.250038 0 0.00784326
0 0 0 1 0.250038 0 0.00784326
0 0 0 1 0.250038 0 0.00784326
0 0 0 1 0.250038 0 0.00784326
0 0 0 1 0.250038 0 0.00784326
0 0 0 1 0.250038 0 0.00784326
0 0 0 1 0.250038 0 0.00784326
0 0 0 1 0.250038 0 0.00784326
0 0 0 1 0.250038 0 0.00784326
0 0 0 1 0.250038 0 0.00784326
0 0 0 1 0.250038 0 0.00784326
0 0 0 1 0.250038 0 0.00784326
0 0 0 1 0.250038 0 0.00784326
0 0 0 1 0.250038 0 0.00784326
0 0 0 1 0.250038 0 0.00784326
0 0 0 1 0.250038 0 0.00784326
0 0 0 1 0.250038 0 0.00784326
0 0 0 1 0.250038 0 0.00784326
0 0 0 1 0.250038 0 0.00784326
0 0 0 1 0.250038 0 0.00784326
0 0 0 1 0.250038 0 0.00784326
0 0 0 1 0.250038 0 0.00784326
0 0 0 1 0.250038 0 0.00784326
0 0 0 1 0.250038 0 0.00784326
0 0 0 1 0.250038 0 0.00784326
0 0 0 1 0.250038 0 0.00784326
0 0 0 1 0.250038 0 0.00784326
0 0 0 1 0.250038 0 0.00784326
0 0 0 1 0.250038 0 0.00784326
0 0 0 1 0.250038 0 0.00784326
0 0 0 1 0.250038 0 0.00784326
0 0 0 1 0.250038 0 0.00784326
0 0 0 1 0.250038 0 0.00784326
0 0 0 1 0.250038 0 0.00784326
0 0 0 1 0.250038 0 0.00784326
0 0 0 1 0.250038 0 0.00784326
0 0 0 1 0.250038 0 0.00784326
0 0 0 1 0.250038 0 0.00784326
0 0 0 1 0.250038 0 0.00784326
0 0 0 1 0.250038 0 0.00784326
0 0 0 1 0.250038 0 0.00784326
0 0 0 1 0.250038 0 0.00784326
0 0 0 1 0.250038 0 0.00784326
0 0 0 1 0.250038 0 0.00784326
0 0 0 1 0.250038 0 0.00784326
0 0 0 1 0.250038 0 0.00784326
0 0 0 1 0.250038 0 0.00784326
0 0 0 1 0.218787 0 0.00784326
0 0 0 1 0.218787 0 0.00784326
0 0 0 1 0.218787 0 0.00784326
0 0 0 1 0.218787 0 0.00784326
0 0 0 1 0.218787 0 0.00784326
0 0 0 1 0.203162 0 0.00784326
0 0 0 1 0.203162 0 0.00784326
0 0 0 1 0.203162 0 0.00784326
0 0 0 1 0.203162 0 0.00784326
0 0 0 1 0.203162 0 0.00784326
0 0 0 1 0.203162 0 0.00784326
0 0 0 1 0.203162 0 0.00784326
0 0 0 1 0.203162 0 0.00784326
0 0 0 1 0.203162 0 0.00784326
0 0 0 1 0.203162 0 0.00784326
0 0 0 1 0.203162 0 0.00784326
0 0 0 1 0.203162 0 0.00784326
0 0 0 1 0.203162 0 0.00784326
0 0 0 1 0.203162 0 0.00784326
0 0 0 1 0.187536 0 0.00784326
0 0 0 1 0.187536 0 0.00784326
0 0 0 1 0.187536 0 0.00784326
0 0 0 1 0.187536 0 0.00784326
0 0 0 1 0.171911 0 0.00784326
0 0 0 1 0.171911 0 0.00784326
0 0 0 1 0.156285 0 0.00784326
0 0 0 1 0.14066 0 0.00784326
0 0 0 1 0.14066 0 0.00784326
0 0 0 1 0.14066 0 0.00784326
0 0 0 1 0.14066 0 0.00784326
0 0 0 1 0.125034 0 0.00784326
0 0 0 1 0.125034 0 0.00784326
0 0 0 1 0.109409 0 0.00784326
0 0 0 1 0.109409 0 0.00784326
0 0 0 1 0.109409 0 0.00784326
0 0 0 1 0.14066 0 0.00784326
0 0 0 1 0.14066 0 0.00784326
0 0 0 1 0.14066 0 0.00784326
0 0 0 1 0.14066 0 0.00784326
0 0 0 1 0.14066 0 0.00784326
0 0 0 1 0.109409 0 0.00784326
0 0 0 1 0.109409 0 0.00784326
0 0 0 1 0.109409 0 0.00784326
0 0 0 1 0.109409 0 0.00784326
0 0 0 1 0.109409 0 0.00784326
0 0 0 1 0.109409 0 0.00784326
0 0 0 1 0.109409 0 0.00784326
0 0 0 1 0.109409 0 0.00784326
0 0 0 1 0.109409 0 0.00784326
0 0 0 1 0.109409 0 0.00784326
0 0 0 1 0.109409 0 0.00784326
0 0 0 1 0.109409 0 0.00784326
0 0 0 1 0.109409 0 0.00784326
0 0 0 1 0.109409 0 0.00784326
0 0 0 1 0.109409 0 0.00784326
0 0 0 0.960295 0.109409 0 0.00784326
0 0 0 0.960295 0.109409 0 0.00784326
0 0 0 0.960295 0.109409 0 0.00784326
0 0 0 0.960295 0.109409 0 0.00784326
0 0 0 0.960295 0.109409 0 0.00784326
0 0 0 0.611103 0.00784326 0 0.00784326
0 0 0 0.611103 0.00784326 0 0.00784326
0 0 0 0.611103 0.00784326 0 0.00784326
0 0 0 0.611103 0.00784326 0 0.00784326
0 0 0 0.611103 0.00784326 0 0.00784326
