0 0 0 0 0.617237 -0.0547197 -0.619037
0 0 0 0 0.617237 -0.0547197 -0.619037
0 0 0 0 0.617237 -0.0547197 -0.619037
0 0 0 0 0.617237 -0.0547197 -0.619037
0 0 0 0 0.617237 -0.0547197 -0.619037
0 0 0 0 0.617237 -0.0547197 -0.619037
0 0 0 0 0.617237 -0.0547197 -0.619037
0 0 0 0 0.617237 -0.0547197 -0.619037
0 0 0 0 0.617237 -0.0547197 -0.619037
0 0 0 0 0.617237 -0.0547197 -0.619037
0 0 0 0 0.617237 -0.0547197 -0.619037
0 0 0 0 0.617237 -0.0547197 -0.619037
0 0 0 0 0.617237 -0.0547197 -0.619037
0 0 0 0 0.617237 -0.0547197 -0.619037
0 0 0 0 0.617237 -0.0547197 -0.619037
0 0 0 0 0.617237 -0.0547197 -0.619037
0 0 0 0 0.617237 -0.0547197 -0.619037
0 0 0 0 0.617237 -0.0547197 -0.619037
0 0 0 0 0.617237 -0.0547197 -0.619037
0 0 0 0 0.617237 -0.0547197 -0.619037
0 0 0 0 0.617237 -0.0547197 -0.619037
0 0 0 0 0.617237 -0.0547197 -0.619037
0 0 0 0 0.617237 -0.0547197 -0.619037
0 0 0 0 0.617237 -0.0547197 -0.619037
0 0 0 0 0.617237 -0.0547197 -0.619037
0 0 0 0 0.617237 -0.0547197 -0.619037
0 0 0 0 0.617237 -0.0547197 -0.619037
0 0 0 0 0.617237 -0.0547197 -0.619037
0 0 0 0 0.617237 -0.0547197 -0.619037
0 0 0 0 0.617237 -0.0547197 -0.619037
0 0 0 0 0.617237 -0.0547197 -0.619037
0 0 0 0 0.617237 -0.0547197 -0.619037
0 0 0 0 0.617237 -0.0547197 -0.619037
0 0 0 0 0.617237 -0.0547197 -0.619037
0 0 0 0 0.617237 -0.0547197 -0.619037
0 0 0 0 0.632862 -0.0547197 -0.619037
0 0 0 0 0.632862 -0.0547197 -0.619037
0 0 0 0 0.632862 -0.0547197 -0.619037
0 0 0 0 0.632862 -0.0547197 -0.619037
0 0 0 0 0.632862 -0.0547197 -0.619037
0 0 0 0 0.632862 -0.0547197 -0.619037
0 0 0 0 0.632862 -0.0547197 -0.619037
0 0 0 0 0.632862 -0.0547197 -0.619037
0 0 0 0 0.632862 -0.0547197 -0.619037
0 0 0 0 0.632862 -0.0547197 -0.619037
0 0 0 0 0.632862 -0.0547197 -0.619037
0 0 0 0 0.632862 -0.0547197 -0.619037
0 0 0 0 0.632862 -0.0547197 -0.619037
0 0 0 0 0.632862 -0.0547197 -0.619037
0 0 0 0 0.632862 -0.0547197 -0.619037
0 0 0 0 0.632862 -0.0547197 -0.619037
0 0 0 0 0.632862 -0.0547197 -0.619037
0 0 0 0 0.632862 -0.0547197 -0.619037
0 0 0 0 0.632862 -0.0547197 -0.619037
0 0 0 0 0.632862 -0.0547197 -0.619037
0 0 0 0 0.632862 -0.0547197 -0.619037
0 0 0 0 0.632862 -0.0547197 -0.619037
0 0 0 0 0.632862 -0.0547197 -0.619037
0 0 0 0 0.632862 -0.0547197 -0.619037
0 0 0 0 0.632862 -0.0547197 -0.619037
0 0 0 0 0.632862 -0.0547197 -0.619037
0 0 0 0 0.632862 -0.0547197 -0.619037
0 0 0 0 0.632862 -0.0547197 -0.619037
0 0 0 0 0.632862 -0.0547197 -0.619037
0 0 0 0 0.632862 -0.0547197 -0.619037
0 0 0 0 0.632862 -0.0547197 -0.619037
0 0 0 0 0.632862 -0.0547197 -0.619037
0 0 0 0 0.632862 -0.0547197 -0.619037
0 0 0 0 0.632862 -0.0547197 -0.619037
0 0 0 0 0.632862 -0.0547197 -0.619037
0 0 0 0 0.632862 -0.0781579 -0.619037
0 0 0 0 0.632862 -0.0781579 -0.619037
0 0 0 0 0.632862 -0.0781579 -0.619037
0 0 0 0 0.632862 -0.0781579 -0.619037
0 0 0 0 0.632862 -0.0781579 -0.619037
0 0 0 0 0.632862 -0.0781579 -0.619037
0 0 0 0 0.632862 -0.0781579 -0.619037
0 0 0 0 0.632862 -0.0781579 -0.619037
0 0 0 0 0.632862 -0.0781579 -0.619037
0 0 0 0 0.632862 -0.0781579 -0.619037
0 0 0 0 0.632862 -0.0781579 -0.619037
0 0 0 0 0.632862 -0.0781579 -0.619037
0 0 0 0 0.632862 -0.0781579 -0.619037
0 0 0 0 0.632862 -0.0781579 -0.619037
0 0 0 0 0.632862 -0.0781579 -0.619037
0 0 0 0 0.632862 -0.0781579 -0.619037
0 0 0 0 0.632862 -0.0781579 -0.619037
0 0 0 0 0.632862 -0.0781579 -0.619037
0 0 0 0 0.632862 -0.0781579 -0.619037
0 0 0 0 0.632862 -0.0781579 -0.619037
0 0 0 0 0.632862 -0.0781579 -0.619037
0 0 0 0 0.632862 -0.0781579 -0.619037
0 0 0 0 0.632862 -0.0781579 -0.619037
0 0 0 0 0.632862 -0.0781579 -0.619037
0 0 0 0 0.632862 -0.0781579 -0.619037
0 0 0 0 0.632862 -0.0781579 -0.619037
0 0 0 0 0.632862 -0.0781579 -0.619037
0 0 0 0 0.632862 -0.0781579 -0.619037
0 0 0 0 0.632862 -0.0781579 -0.619037
0 0 0 0 0.632862 -0.0781579 -0.619037
0 0 0 0 0.632862 -0.0781579 -0.619037
0 0 0 0 0.632862 -0.0781579 -0.619037
0 0 0 0 0.632862 -0.0781579 -0.619037
0 0 0 0 0.632862 -0.0781579 -0.619037
0 0 0 0 0.632862 -0.0781579 -0.619037
0 0 0 0 0.632862 -0.0781579 -0.619037
0 0 0 0 0.632862 -0.0781579 -0.619037
0 0 0 0 0.632862 -0.0781579 -0.619037
0 0 0 0 0.632862 -0.0781579 -0.619037
0 0 0 0 0.632862 -0.0781579 -0.619037
0 0 0 0 0.632862 -0.0781579 -0.619037
0 0 0 0 0.632862 -0.0781579 -0.619037
0 0 0 0 0.632862 -0.0781579 -0.619037
0 0 0 0 0.632862 -0.0781579 -0.619037
0 0 0 0 0.632862 -0.0781579 -0.619037
0 0 0 0 0.632862 -0.0781579 -0.619037
0 0 0 0 0.632862 -0.0781579 -0.619037
0 0 0 0 0.632862 -0.0781579 -0.619037
0 0 0 0 0.632862 -0.0781579 -0.619037
0 0 0 0 0.632862 -0.0781579 -0.619037
0 0 0 0 0.632862 -0.0781579 -0.619037
0 0 0 0 0.632862 -0.0781579 -0.619037
0 0 0 0 0.632862 -0.0781579 -0.619037
0 0 0 0 0.632862 -0.0781579 -0.619037
0 0 0 0 0.632862 -0.0781579 -0.619037
0 0 0 0 0.632862 -0.0781579 -0.587298
0 0 0 0 0.632862 -0.0781579 -0.587298
0 0 0 0 0.632862 -0.0781579 -0.587298
0 0 0 0 0.632862 -0.0781579 -0.587298
0 0 0 0 0.632862 -0.0781579 -0.587298
0 0 0 0 0.632862 -0.0937834 -0.587298
0 0 0 0 0.632862 -0.0937834 -0.587298
0 0 0 0 0.632862 -0.0937834 -0.587298
0 0 0 0 0.632862 -0.0937834 -0.587298
0 0 0 0 0.632862 -0.0937834 -0.587298
0 0 0 0 0.632862 -0.0937834 -0.587298
0 0 0 0 0.632862 -0.0937834 -0.587298
0 0 0 0 0.632862 -0.0937834 -0.587298
0 0 0 0 0.632862 -0.0937834 -0.587298
0 0 0 0 0.632862 -0.0937834 -0.587298
0 0 0 0.00793481 0.632862 -0.0937834 -0.587298
0 0 0 0.00793481 0.632862 -0.0937834 -0.587298
0 0 0 0.00793481 0.632862 -0.0937834 -0.587298
0 0 0 0.00793481 0.632862 -0.0937834 -0.587298
0 0 0 0.00793481 0.632862 -0.0937834 -0.587298
0 0 0 0.00793481 0.632862 -0.0937834 -0.587298
0 0 0 0.00793481 0.632862 -0.0937834 -0.587298
0 0 0 0.00793481 0.632862 -0.0937834 -0.587298
0 0 0 0.00793481 0.632862 -0.0937834 -0.587298
0 0 0 0.00793481 0.632862 -0.0937834 -0.587298
0 0 0 0.00793481 0.632862 -0.0937834 -0.587298
0 0 0 0.00793481 0.632862 -0.0937834 -0.587298
0 0 0 0.00793481 0.632862 -0.0937834 -0.587298
0 0 0 0.00793481 0.632862 -0.0937834 -0.587298
0 0 0 0.00793481 0.632862 -0.0937834 -0.587298
0 0 0 0.00793481 0.632862 -0.0937834 -0.587298
0 0 0 0.00793481 0.632862 -0.0937834 -0.587298
0 0 0 0.00793481 0.632862 -0.0937834 -0.587298
0 0 0 0.00793481 0.632862 -0.0937834 -0.587298
0 0 0 0.00793481 0.632862 -0.0937834 -0.587298
0 0 0 0.00793481 0.632862 -0.109409 -0.587298
0 0 0 0.00793481 0.632862 -0.109409 -0.587298
0 0 0 0.00793481 0.632862 -0.109409 -0.579363
0 0 0 0.00793481 0.632862 -0.109409 -0.579363
0 0 0 0.00793481 0.632862 -0.109409 -0.579363
0 0 0 0.00793481 0.632862 -0.109409 -0.563463
0 0 0 0.00793481 0.632862 -0.109409 -0.563463
0 0 0 0.0158696 0.632862 -0.109409 -0.547594
0 0 0 0.0158696 0.632862 -0.109409 -0.547594
0 0 0 0.0158696 0.632862 -0.109409 -0.547594
0 0 0 0.0158696 0.632862 -0.125034 -0.539659
0 0 0 0.0158696 0.632862 -0.125034 -0.539659
0 0 0 0.0158696 0.632862 -0.125034 -0.539659
0 0 0 0.0158696 0.632862 -0.125034 -0.539659
0 0 0 0.0158696 0.632862 -0.125034 -0.539659
0 0 0 0.0317392 0.632862 -0.125034 -0.539659
0 0 0 0.0396741 0.632862 -0.125034 -0.539659
0 0 0 0.0396741 0.632862 -0.125034 -0.539659
0 0 0 0.0396741 0.632862 -0.125034 -0.539659
0 0 0 0.0396741 0.632862 -0.125034 -0.539659
0 0 0 0.0476089 0.632862 -0.125034 -0.523789
0 0 0 0.0476089 0.632862 -0.125034 -0.523789
0 0 0 0.0476089 0.632862 -0.125034 -0.523789
0 0 0 0.0476089 0.632862 -0.125034 -0.523789
0 0 0 0.0476089 0.632862 -0.125034 -0.523789
0 0 0 0.0872829 0.632862 -0.14066 -0.49205
0 0 0 0.0872829 0.632862 -0.14066 -0.49205
0 0 0 0.0872829 0.632862 -0.14066 -0.49205
0 0 0 0.0872829 0.632862 -0.14066 -0.49205
0 0 0 0.0872829 0.632862 -0.14066 -0.49205
0 0 0 0.150792 0.632862 -0.148473 -0.428571
0 0 0 0.150792 0.632862 -0.148473 -0.428571
0 0 0 0.150792 0.632862 -0.148473 -0.428571
0 0 0 0.150792 0.632862 -0.148473 -0.428571
0 0 0 0.150792 0.632862 -0.148473 -0.428571
0 0 0 0.222205 0.632862 -0.195349 -0.388867
0 0 0 0.222205 0.632862 -0.195349 -0.388867
0 0 0 0.222205 0.632862 -0.195349 -0.388867
0 0 0 0.222205 0.632862 -0.195349 -0.388867
0 0 0 0.222205 0.632862 -0.195349 -0.388867
0 0 0 0.285714 0.632862 -0.250038 -0.277749
0 0 0 0.285714 0.632862 -0.250038 -0.277749
0 0 0 0.285714 0.632862 -0.250038 -0.277749
0 0 0 0.285714 0.632862 -0.250038 -0.277749
0 0 0 0.285714 0.632862 -0.250038 -0.277749
0 0 0 0.388867 0.632862 -0.250038 -0.277749
0 0 0 0.388867 0.632862 -0.250038 -0.277749
0 0 0 0.388867 0.632862 -0.250038 -0.277749
0 0 0 0.388867 0.632862 -0.250038 -0.277749
0 0 0 0.388867 0.632862 -0.250038 -0.277749
0 0 0 0.452376 0.632862 -0.250038 -0.277749
0 0 0 0.452376 0.632862 -0.250038 -0.277749
0 0 0 0.452376 0.632862 -0.250038 -0.277749
0 0 0 0.452376 0.632862 -0.250038 -0.277749
0 0 0 0.452376 0.632862 -0.250038 -0.277749
0 0 0 0.499985 0.632862 -0.265664 -0.253945
0 0 0 0.499985 0.632862 -0.265664 -0.253945
0 0 0 0.499985 0.632862 -0.265664 -0.253945
0 0 0 0.499985 0.632862 -0.265664 -0.253945
0 0 0 0.499985 0.632862 -0.265664 -0.253945
0 0 0 0.555528 0.632862 -0.289102 -0.21427
0 0 0 0.555528 0.632862 -0.289102 -0.21427
0 0 0 0.555528 0.632862 -0.289102 -0.21427
0 0 0 0.555528 0.632862 -0.289102 -0.21427
0 0 0 0.555528 0.632862 -0.289102 -0.21427
0 0 0 0.603168 0.632862 -0.289102 -0.21427
0 0 0 0.603168 0.632862 -0.289102 -0.21427
0 0 0 0.603168 0.632862 -0.289102 -0.21427
0 0 0 0.603168 0.632862 -0.289102 -0.21427
0 0 0 0.603168 0.632862 -0.289102 -0.21427
0 0 0 0.642842 0.632862 -0.328166 -0.21427
0 0 0 0.642842 0.632862 -0.328166 -0.21427
0 0 0 0.642842 0.632862 -0.328166 -0.21427
0 0 0 0.642842 0.632862 -0.328166 -0.21427
0 0 0 0.642842 0.632862 -0.328166 -0.21427
0 0 0 0.698386 0.632862 -0.359416 -0.198401
0 0 0 0.698386 0.632862 -0.359416 -0.198401
0 0 0 0.698386 0.632862 -0.359416 -0.198401
0 0 0 0.698386 0.632862 -0.359416 -0.198401
0 0 0 0.698386 0.632862 -0.359416 -0.198401
0 0 0 0.746025 0.601611 -0.429731 -0.174596
0 0 0 0.746025 0.601611 -0.429731 -0.174596
0 0 0 0.746025 0.601611 -0.429731 -0.174596
0 0 0 0.746025 0.601611 -0.429731 -0.174596
0 0 0 0.746025 0.601611 -0.429731 -0.174596
0 0 0 0.793634 0.57036 -0.460982 -0.142857
0 0 0 0.793634 0.57036 -0.460982 -0.142857
0 0 0 0.793634 0.57036 -0.460982 -0.142857
0 0 0 0.801569 0.57036 -0.48442 -0.142857
0 0 0 0.801569 0.57036 -0.48442 -0.142857
0 0 0 0.809503 0.554735 -0.515671 -0.126957
0 0 0 0.809503 0.554735 -0.515671 -0.126957
0 0 0 0.809503 0.554735 -0.515671 -0.126957
0 0 0 0.809503 0.515671 -0.531297 -0.126957
0 0 0 0.809503 0.515671 -0.531297 -0.126957
0 0 0 0.809503 0.48442 -0.531297 -0.126957
0 0 0 0.809503 0.453169 -0.546922 -0.119022
0 0 0 0.809503 0.453169 -0.546922 -0.119022
0 0 0 0.809503 0.453169 -0.546922 -0.119022
0 0 0 0.809503 0.453169 -0.546922 -0.119022
0 0 0 0.809503 0.382855 -0.554735 -0.119022
0 0 0 0.809503 0.382855 -0.554735 -0.119022
0 0 0 0.809503 0.335978 -0.585986 -0.0634785
0 0 0 0.809503 0.335978 -0.585986 -0.0634785
0 0 0 0.809503 0.335978 -0.585986 -0.0634785
0 0 0 0.761895 0.31254 -0.687551 3.05185e-005
0 0 0 0.761895 0.31254 -0.687551 3.05185e-005
0 0 0 0.761895 0.31254 -0.687551 3.05185e-005
0 0 0 0.761895 0.31254 -0.687551 3.05185e-005
0 0 0 0.761895 0.31254 -0.687551 3.05185e-005
0 0 0 0.746025 0.234413 -0.765679 0.00784326
0 0 0 0.746025 0.234413 -0.765679 0.00784326
0 0 0 0.746025 0.234413 -0.765679 0.00784326
0 0 0 0.746025 0.234413 -0.765679 0.00784326
0 0 0 0.746025 0.234413 -0.765679 0.00784326
0 0 0 0.730155 0.218787 -0.835994 0.125034
0 0 0 0.730155 0.218787 -0.835994 0.125034
0 0 0 0.730155 0.218787 -0.835994 0.125034
0 0 0 0.730155 0.218787 -0.835994 0.125034
0 0 0 0.730155 0.218787 -0.835994 0.125034
0 0 0 0.70632 0.164098 -0.921934 0.234413
0 0 0 0.70632 0.164098 -0.921934 0.234413
0 0 0 0.70632 0.164098 -0.921934 0.234413
0 0 0 0.70632 0.164098 -0.921934 0.234413
0 0 0 0.70632 0.164098 -0.921934 0.234413
0 0 0 0.690451 0.0781579 -1.00003 0.343791
0 0 0 0.690451 0.0781579 -1.00003 0.343791
0 0 0 0.690451 0.0781579 -1.00003 0.343791
0 0 0 0.690451 0.0781579 -1.00003 0.343791
0 0 0 0.690451 0.0781579 -1.00003 0.343791
0 0 0 0.626972 0.0312815 -1.00003 0.390667
0 0 0 0.626972 0.0312815 -1.00003 0.390667
0 0 0 0.626972 0.0312815 -1.00003 0.390667
0 0 0 0.626972 0.0312815 -1.00003 0.390667
0 0 0 0.626972 0.0312815 -1.00003 0.390667
0 0 0 0.563463 3.05185e-005 -1.00003 0.406293
0 0 0 0.563463 3.05185e-005 -1.00003 0.406293
0 0 0 0.563463 3.05185e-005 -1.00003 0.406293
0 0 0 0.563463 3.05185e-005 -1.00003 0.406293
0 0 0 0.563463 3.05185e-005 -1.00003 0.406293
0 0 0 0.523789 3.05185e-005 -1.00003 0.468795
0 0 0 0.523789 3.05185e-005 -1.00003 0.468795
0 0 0 0.523789 3.05185e-005 -1.00003 0.468795
0 0 0 0.523789 3.05185e-005 -1.00003 0.468795
0 0 0 0.523789 3.05185e-005 -1.00003 0.468795
0 0 0 0.49205 -0.0317392 -1.00003 0.523484
0 0 0 0.49205 -0.0317392 -1.00003 0.523484
0 0 0 0.49205 -0.0317392 -1.00003 0.523484
0 0 0 0.49205 -0.0317392 -1.00003 0.523484
0 0 0 0.49205 -0.0317392 -1.00003 0.523484
0 0 0 0.49205 -0.0872829 -1.00003 0.57036
0 0 0 0.49205 -0.0872829 -1.00003 0.57036
0 0 0 0.49205 -0.0872829 -1.00003 0.57036
0 0 0 0.49205 -0.0872829 -1.00003 0.57036
0 0 0 0.49205 -0.0872829 -1.00003 0.57036
0 0 0 0.460311 -0.0952177 -1.00003 0.632862
0 0 0 0.460311 -0.0952177 -1.00003 0.632862
0 0 0 0.460311 -0.0952177 -1.00003 0.632862
0 0 0 0.460311 -0.0952177 -1.00003 0.632862
0 0 0 0.460311 -0.0952177 -1.00003 0.632862
0 0 0 0.428571 -0.142857 -1.00003 0.664113
0 0 0 0.428571 -0.142857 -1.00003 0.664113
0 0 0 0.428571 -0.142857 -1.00003 0.664113
0 0 0 0.412671 -0.158727 -1.00003 0.679739
0 0 0 0.412671 -0.158727 -1.00003 0.679739
0 0 0 0.333323 -0.158727 -1.00003 0.71099
0 0 0 0.317454 -0.166662 -1.00003 0.742241
0 0 0 0.317454 -0.166662 -1.00003 0.742241
0 0 0 0.317454 -0.166662 -1.00003 0.742241
0 0 0 0.317454 -0.166662 -1.00003 0.742241
0 0 0 0.24601 -0.182531 -1.00003 0.757866
0 0 0 0.24601 -0.182531 -1.00003 0.757866
0 0 0 0.24601 -0.182531 -1.00003 0.757866
0 0 0 0.24601 -0.182531 -1.00003 0.757866
0 0 0 0.238075 -0.198401 -1.00003 0.757866
0 0 0 0.182531 -0.198401 -1.00003 0.757866
0 0 0 0.182531 -0.21427 -1.00003 0.757866
0 0 0 0.182531 -0.21427 -1.00003 0.757866
0 0 0 0.182531 -0.21427 -1.00003 0.757866
0 0 0 0.182531 -0.21427 -1.00003 0.757866
0 0 0 0.142857 -0.21427 -1.00003 0.789117
0 0 0 0.142857 -0.21427 -1.00003 0.789117
0 0 0 0.142857 -0.21427 -1.00003 0.789117
0 0 0 0.134892 -0.21427 -1.00003 0.789117
0 0 0 0.134892 -0.21427 -1.00003 0.789117
0 0 0 0.119022 -0.21427 -1.00003 0.820368
0 0 0 0.119022 -0.21427 -0.960997 0.835994
0 0 0 0.119022 -0.21427 -0.960997 0.835994
0 0 0 0.119022 -0.21427 -0.960997 0.835994
0 0 0 0.119022 -0.21427 -0.960997 0.835994
0 0 0 0.111087 -0.21427 -0.906308 0.851619
0 0 0 0.111087 -0.21427 -0.906308 0.851619
0 0 0 0.111087 -0.21427 -0.906308 0.851619
0 0 0 0.111087 -0.21427 -0.906308 0.851619
0 0 0 0.111087 -0.21427 -0.898495 0.867244
0 0 0 0.0872829 -0.21427 -0.867244 0.867244
0 0 0 0.0872829 -0.21427 -0.867244 0.867244
0 0 0 0.0555437 -0.21427 -0.867244 0.88287
0 0 0 0.0555437 -0.21427 -0.867244 0.88287
0 0 0 0.0555437 -0.21427 -0.867244 0.88287
0 0 0 0.0158696 -0.21427 -0.828181 0.88287
0 0 0 0.0158696 -0.21427 -0.828181 0.88287
0 0 0 0.0158696 -0.21427 -0.828181 0.88287
0 0 0 0.0158696 -0.21427 -0.828181 0.88287
0 0 0 0.0158696 -0.21427 -0.828181 0.88287
0 0 0 0 -0.238075 -0.79693 0.88287
0 0 0 0 -0.238075 -0.79693 0.88287
0 0 0 0 -0.238075 -0.79693 0.88287
0 0 0 0 -0.238075 -0.79693 0.88287
0 0 0 0 -0.238075 -0.781304 0.88287
0 0 0 0 -0.238075 -0.757866 0.88287
0 0 0 -0.00784326 -0.238075 -0.742241 0.88287
0 0 0 -0.00784326 -0.238075 -0.742241 0.88287
0 0 0 -0.00784326 -0.238075 -0.742241 0.88287
0 0 0 -0.00784326 -0.238075 -0.742241 0.88287
0 0 0 -0.00784326 -0.198401 -0.656301 0.88287
0 0 0 -0.00784326 -0.198401 -0.656301 0.88287
0 0 0 -0.00784326 -0.198401 -0.656301 0.88287
0 0 0 -0.00784326 -0.198401 -0.656301 0.88287
0 0 0 -0.00784326 -0.198401 -0.656301 0.88287
0 0 0 -0.0312815 -0.198401 -0.617237 0.898495
0 0 0 -0.0312815 -0.198401 -0.617237 0.898495
0 0 0 -0.0312815 -0.198401 -0.617237 0.898495
0 0 0 -0.0312815 -0.198401 -0.617237 0.898495
0 0 0 -0.0312815 -0.198401 -0.617237 0.898495
0 0 0 -0.0625324 -0.222205 -0.57036 0.929746
0 0 0 -0.0625324 -0.222205 -0.57036 0.929746
0 0 0 -0.0625324 -0.222205 -0.57036 0.929746
0 0 0 -0.0625324 -0.222205 -0.57036 0.929746
0 0 0 -0.0625324 -0.222205 -0.57036 0.929746
0 0 0 -0.101596 -0.238075 -0.531297 0.929746
0 0 0 -0.101596 -0.238075 -0.531297 0.929746
0 0 0 -0.101596 -0.238075 -0.531297 0.929746
0 0 0 -0.101596 -0.238075 -0.531297 0.929746
0 0 0 -0.101596 -0.238075 -0.531297 0.929746
0 0 0 -0.148473 -0.269814 -0.515671 0.945372
0 0 0 -0.148473 -0.269814 -0.515671 0.945372
0 0 0 -0.148473 -0.269814 -0.515671 0.945372
0 0 0 -0.148473 -0.269814 -0.515671 0.945372
0 0 0 -0.148473 -0.269814 -0.515671 0.945372
0 0 0 -0.203162 -0.277749 -0.460982 0.945372
0 0 0 -0.203162 -0.277749 -0.460982 0.945372
0 0 0 -0.203162 -0.277749 -0.460982 0.945372
0 0 0 -0.203162 -0.277749 -0.460982 0.945372
0 0 0 -0.203162 -0.277749 -0.460982 0.945372
0 0 0 -0.257851 -0.325388 -0.414106 0.945372
0 0 0 -0.257851 -0.325388 -0.414106 0.945372
0 0 0 -0.257851 -0.325388 -0.414106 0.945372
0 0 0 -0.257851 -0.325388 -0.414106 0.945372
0 0 0 -0.257851 -0.325388 -0.414106 0.945372
0 0 0 -0.289102 -0.325388 -0.406293 0.945372
0 0 0 -0.289102 -0.325388 -0.406293 0.945372
0 0 0 -0.289102 -0.325388 -0.406293 0.945372
0 0 0 -0.304727 -0.325388 -0.359416 0.945372
0 0 0 -0.304727 -0.325388 -0.359416 0.945372
0 0 0 -0.375042 -0.325388 -0.281289 0.945372
0 0 0 -0.476608 -0.325388 -0.218787 0.945372
0 0 0 -0.476608 -0.325388 -0.218787 0.945372
0 0 0 -0.515671 -0.325388 -0.210974 0.945372
0 0 0 -0.515671 -0.325388 -0.210974 0.945372
0 0 0 -0.562548 -0.277749 -0.195349 0.945372
0 0 0 -0.562548 -0.277749 -0.195349 0.945372
0 0 0 -0.562548 -0.277749 -0.195349 0.945372
0 0 0 -0.562548 -0.277749 -0.195349 0.945372
0 0 0 -0.562548 -0.277749 -0.195349 0.945372
0 0 0 -0.703177 -0.309519 -0.164098 0.898495
0 0 0 -0.703177 -0.309519 -0.164098 0.898495
0 0 0 -0.703177 -0.309519 -0.164098 0.898495
0 0 0 -0.703177 -0.309519 -0.164098 0.898495
0 0 0 -0.750053 -0.309519 -0.148473 0.88287
0 0 0 -0.789117 -0.309519 -0.109409 0.867244
0 0 0 -0.804743 -0.325388 -0.0781579 0.851619
0 0 0 -0.804743 -0.325388 -0.0781579 0.851619
0 0 0 -0.804743 -0.325388 -0.0781579 0.851619
0 0 0 -0.804743 -0.325388 -0.0781579 0.851619
0 0 0 -0.875057 -0.325388 -0.0234687 0.820368
0 0 0 -0.875057 -0.325388 -0.0234687 0.820368
0 0 0 -0.875057 -0.325388 -0.0234687 0.820368
0 0 0 -0.875057 -0.325388 -0.0234687 0.820368
0 0 0 -0.875057 -0.325388 -0.0234687 0.820368
0 0 0 -0.906308 -0.293649 -0.015656 0.789117
0 0 0 -0.906308 -0.293649 -0.015656 0.789117
0 0 0 -0.906308 -0.293649 -0.015656 0.789117
0 0 0 -0.906308 -0.277749 -0.015656 0.773492
0 0 0 -0.906308 -0.277749 -0.015656 0.773492
0 0 0 -0.921934 -0.277749 -0.015656 0.742241
0 0 0 -0.921934 -0.277749 -0.015656 0.742241
0 0 0 -0.921934 -0.277749 -0.015656 0.742241
0 0 0 -0.921934 -0.277749 -0.00784326 0.726615
0 0 0 -0.921934 -0.277749 -0.00784326 0.726615
0 0 0 -0.945372 -0.269814 -0.00784326 0.679739
0 0 0 -0.945372 -0.269814 -0.00784326 0.679739
0 0 0 -0.945372 -0.269814 -0.00784326 0.679739
0 0 0 -0.960997 -0.253945 -0.00784326 0.648488
0 0 0 -0.960997 -0.253945 -0.00784326 0.648488
0 0 0 -1.00003 -0.253945 0.0714133 0.648488
0 0 0 -1.00003 -0.253945 0.0714133 0.648488
0 0 0 -1.00003 -0.253945 0.0714133 0.648488
0 0 0 -1.00003 -0.238075 0.0714133 0.648488
0 0 0 -1.00003 -0.238075 0.0714133 0.648488
0 0 0 -1.00003 -0.222205 0.142857 0.648488
0 0 0 -1.00003 -0.222205 0.142857 0.648488
0 0 0 -1.00003 -0.222205 0.142857 0.648488
0 0 0 -1.00003 -0.222205 0.142857 0.648488
0 0 0 -1.00003 -0.222205 0.142857 0.648488
0 0 0 -1.00003 -0.198401 0.174596 0.617237
0 0 0 -1.00003 -0.198401 0.174596 0.617237
0 0 0 -1.00003 -0.198401 0.174596 0.617237
0 0 0 -1.00003 -0.198401 0.174596 0.617237
0 0 0 -1.00003 -0.198401 0.174596 0.617237
0 0 0 -1.00003 -0.182531 0.293649 0.554735
0 0 0 -1.00003 -0.182531 0.293649 0.554735
0 0 0 -1.00003 -0.182531 0.293649 0.554735
0 0 0 -1.00003 -0.182531 0.293649 0.554735
0 0 0 -1.00003 -0.182531 0.293649 0.554735
0 0 0 -1.00003 -0.166662 0.428571 0.437544
0 0 0 -1.00003 -0.142857 0.47618 0.437544
0 0 0 -1.00003 -0.142857 0.47618 0.437544
0 0 0 -1.00003 -0.142857 0.47618 0.437544
0 0 0 -1.00003 -0.142857 0.47618 0.437544
0 0 0 -1.00003 -0.0872829 0.563463 0.421918
0 0 0 -1.00003 -0.0872829 0.563463 0.421918
0 0 0 -1.00003 -0.0872829 0.563463 0.421918
0 0 0 -1.00003 -0.0872829 0.563463 0.421918
0 0 0 -1.00003 -0.0872829 0.563463 0.421918
0 0 0 -1.00003 -0.0555437 0.674581 0.421918
0 0 0 -1.00003 -0.0555437 0.674581 0.421918
0 0 0 -1.00003 -0.0317392 0.674581 0.421918
0 0 0 -1.00003 -0.0317392 0.674581 0.421918
0 0 0 -1.00003 -0.0317392 0.674581 0.421918
0 0 0 -1.00003 3.05185e-005 0.793634 0.421918
0 0 0 -1.00003 3.05185e-005 0.793634 0.421918
0 0 0 -1.00003 3.05185e-005 0.793634 0.421918
0 0 0 -1.00003 3.05185e-005 0.793634 0.421918
0 0 0 -1.00003 3.05185e-005 0.793634 0.421918
0 0 0 -1.00003 0.015656 0.912687 0.375042
0 0 0 -1.00003 0.015656 0.912687 0.375042
0 0 0 -1.00003 0.015656 0.912687 0.375042
0 0 0 -1.00003 0.015656 0.912687 0.375042
0 0 0 -1.00003 0.015656 0.912687 0.375042
0 0 0 -1.00003 0.0937834 1 0.250038
0 0 0 -1.00003 0.0937834 1 0.250038
0 0 0 -1.00003 0.0937834 1 0.250038
0 0 0 -1.00003 0.0937834 1 0.250038
0 0 0 -1.00003 0.0937834 1 0.250038
0 0 0 -1.00003 0.148473 1 0.14066
0 0 0 -1.00003 0.148473 1 0.14066
0 0 0 -1.00003 0.148473 1 0.14066
0 0 0 -1.00003 0.148473 1 0.14066
0 0 0 -1.00003 0.148473 1 0.14066
0 0 0 -0.960997 0.234413 1 0.0937834
0 0 0 -0.960997 0.234413 1 0.0937834
0 0 0 -0.960997 0.234413 1 0.0937834
0 0 0 -0.960997 0.234413 1 0.0937834
0 0 0 -0.906308 0.250038 1 0.0625324
0 0 0 -0.890683 0.265664 1 0.0625324
0 0 0 -0.890683 0.265664 1 0.0625324
0 0 0 -0.890683 0.265664 1 0.0625324
0 0 0 -0.890683 0.265664 1 0.0625324
0 0 0 -0.890683 0.265664 1 0.0625324
0 0 0 -0.804743 0.351604 1 0.0625324
0 0 0 -0.804743 0.351604 1 0.0625324
0 0 0 -0.804743 0.351604 1 0.0625324
0 0 0 -0.804743 0.351604 1 0.0625324
0 0 0 -0.804743 0.351604 1 0.0625324
0 0 0 -0.734428 0.382855 1 0.0469069
0 0 0 -0.734428 0.382855 1 0.0469069
0 0 0 -0.718802 0.414106 1 0.0469069
0 0 0 -0.718802 0.414106 1 0.0469069
0 0 0 -0.718802 0.414106 1 0.0469069
0 0 0 -0.703177 0.437544 1 0.0312815
0 0 0 -0.703177 0.500046 1 0.015656
0 0 0 -0.703177 0.500046 1 0.015656
0 0 0 -0.703177 0.500046 1 0.015656
0 0 0 -0.703177 0.500046 1 0.015656
0 0 0 -0.703177 0.539109 1 0.00784326
0 0 0 -0.687551 0.554735 1 3.05185e-005
0 0 0 -0.687551 0.554735 1 3.05185e-005
0 0 0 -0.687551 0.554735 1 3.05185e-005
0 0 0 -0.687551 0.554735 1 3.05185e-005
0 0 0 -0.648488 0.632862 1 3.05185e-005
0 0 0 -0.648488 0.632862 1 3.05185e-005
0 0 0 -0.648488 0.632862 1 3.05185e-005
0 0 0 -0.648488 0.632862 1 3.05185e-005
0 0 0 -0.648488 0.632862 1 3.05185e-005
0 0 0 -0.617237 0.671926 1 3.05185e-005
0 0 0 -0.617237 0.671926 1 3.05185e-005
0 0 0 -0.617237 0.687551 1 3.05185e-005
0 0 0 -0.617237 0.687551 1 3.05185e-005
0 0 0 -0.617237 0.687551 1 3.05185e-005
0 0 0 -0.562548 0.789117 1 3.05185e-005
0 0 0 -0.562548 0.789117 1 3.05185e-005
0 0 0 -0.562548 0.789117 1 3.05185e-005
0 0 0 -0.562548 0.789117 1 3.05185e-005
0 0 0 -0.562548 0.789117 1 3.05185e-005
0 0 0 -0.476608 0.875057 1 3.05185e-005
0 0 0 -0.429731 0.875057 1 3.05185e-005
0 0 0 -0.429731 0.875057 1 3.05185e-005
0 0 0 -0.429731 0.875057 1 3.05185e-005
0 0 0 -0.429731 0.875057 1 3.05185e-005
0 0 0 -0.359416 0.906308 1 3.05185e-005
0 0 0 -0.359416 0.906308 1 3.05185e-005
0 0 0 -0.359416 0.906308 1 3.05185e-005
0 0 0 -0.359416 0.906308 1 3.05185e-005
0 0 0 -0.359416 0.906308 1 3.05185e-005
0 0 0 -0.257851 0.937559 1 3.05185e-005
0 0 0 -0.257851 0.937559 1 3.05185e-005
0 0 0 -0.257851 0.937559 1 3.05185e-005
0 0 0 -0.257851 0.937559 1 3.05185e-005
0 0 0 -0.257851 0.937559 1 3.05185e-005
0 0 0 -0.117222 1.00003 1 3.05185e-005
0 0 0 -0.117222 1.00003 1 3.05185e-005
0 0 0 -0.117222 1.00003 1 3.05185e-005
0 0 0 -0.101596 1.00003 1 3.05185e-005
0 0 0 -0.101596 1.00003 1 3.05185e-005
0 0 0 -0.0859706 1.00003 1 3.05185e-005
0 0 0 -0.0859706 1.00003 1 3.05185e-005
0 0 0 -0.0859706 1.00003 1 3.05185e-005
0 0 0 -0.0859706 1.00003 1 3.05185e-005
0 0 0 -0.0859706 1.00003 1 3.05185e-005
0 0 0 -0.00784326 1.00003 1 -0.00793481
0 0 0 -0.00784326 1.00003 1 -0.00793481
0 0 0 -0.00784326 1.00003 1 -0.0238044
0 0 0 -0.00784326 1.00003 1 -0.0238044
0 0 0 -0.00784326 1.00003 1 -0.0238044
0 0 0 -3.05185e-005 1.00003 1 -0.0238044
0 0 0 -3.05185e-005 1.00003 1 -0.0238044
0 0 0 -3.05185e-005 1.00003 1 -0.0396741
0 0 0 -3.05185e-005 1.00003 1 -0.0396741
0 0 0 -3.05185e-005 1.00003 1 -0.0396741
0 0 0 -3.05185e-005 1.00003 0.96823 -0.0396741
0 0 0 -3.05185e-005 1.00003 0.96823 -0.0396741
0 0 0 -3.05185e-005 1.00003 0.936491 -0.0476089
0 0 0 -3.05185e-005 1.00003 0.936491 -0.0476089
0 0 0 -3.05185e-005 1.00003 0.936491 -0.0476089
0 0 0 -3.05185e-005 0.937559 0.896817 -0.0634785
0 0 0 -3.05185e-005 0.937559 0.809503 -0.0793481
0 0 0 -3.05185e-005 0.937559 0.809503 -0.0793481
0 0 0 -3.05185e-005 0.937559 0.809503 -0.0793481
0 0 0 -3.05185e-005 0.937559 0.809503 -0.0793481
0 0 0 0.0158696 0.890683 0.746025 -0.0793481
0 0 0 0.0158696 0.890683 0.746025 -0.0793481
0 0 0 0.0158696 0.890683 0.746025 -0.0793481
0 0 0 0.0158696 0.890683 0.746025 -0.0793481
0 0 0 0.0158696 0.890683 0.746025 -0.0793481
0 0 0 0.0317392 0.890683 0.70632 -0.0793481
0 0 0 0.0317392 0.890683 0.70632 -0.0793481
0 0 0 0.0317392 0.890683 0.70632 -0.0793481
0 0 0 0.0317392 0.890683 0.70632 -0.0793481
0 0 0 0.0317392 0.890683 0.70632 -0.0793481
0 0 0 0.0396741 0.875057 0.619037 -0.126957
0 0 0 0.0396741 0.875057 0.619037 -0.126957
0 0 0 0.0396741 0.875057 0.619037 -0.126957
0 0 0 0.0396741 0.875057 0.619037 -0.126957
0 0 0 0.0396741 0.875057 0.619037 -0.126957
0 0 0 0.0714133 0.875057 0.49205 -0.158727
0 0 0 0.0714133 0.875057 0.49205 -0.158727
0 0 0 0.111087 0.875057 0.412671 -0.158727
0 0 0 0.111087 0.875057 0.412671 -0.158727
0 0 0 0.111087 0.875057 0.412671 -0.158727
0 0 0 0.111087 0.875057 0.341258 -0.158727
0 0 0 0.111087 0.875057 0.341258 -0.158727
0 0 0 0.134892 0.875057 0.261879 -0.174596
0 0 0 0.134892 0.875057 0.261879 -0.174596
0 0 0 0.134892 0.875057 0.261879 -0.174596
0 0 0 0.134892 0.875057 0.190466 -0.182531
0 0 0 0.134892 0.875057 0.190466 -0.182531
0 0 0 0.150792 0.875057 0.150792 -0.182531
0 0 0 0.150792 0.875057 0.150792 -0.182531
0 0 0 0.150792 0.875057 0.150792 -0.182531
0 0 0 0.158727 0.906308 0.119022 -0.182531
0 0 0 0.158727 0.906308 0.119022 -0.182531
0 0 0 0.182531 0.906308 0.0317392 -0.198401
0 0 0 0.182531 0.906308 0.0317392 -0.198401
0 0 0 0.182531 0.906308 0.0317392 -0.198401
0 0 0 0.253945 0.906308 -3.05185e-005 -0.198401
0 0 0 0.253945 0.906308 -3.05185e-005 -0.198401
0 0 0 0.285714 0.906308 -3.05185e-005 -0.198401
0 0 0 0.285714 0.906308 -3.05185e-005 -0.198401
0 0 0 0.285714 0.906308 -3.05185e-005 -0.198401
0 0 0 0.317454 0.906308 -0.00784326 -0.198401
0 0 0 0.317454 0.906308 -0.00784326 -0.198401
0 0 0 0.365062 0.906308 -0.0234687 -0.198401
0 0 0 0.365062 0.906308 -0.0234687 -0.198401
0 0 0 0.365062 0.906308 -0.0234687 -0.198401
0 0 0 0.396802 0.906308 -0.0937834 -0.198401
0 0 0 0.428571 0.875057 -0.125034 -0.198401
0 0 0 0.428571 0.875057 -0.125034 -0.198401
0 0 0 0.428571 0.875057 -0.125034 -0.198401
0 0 0 0.428571 0.875057 -0.125034 -0.198401
0 0 0 0.460311 0.875057 -0.195349 -0.253945
0 0 0 0.49205 0.851619 -0.250038 -0.293649
0 0 0 0.49205 0.851619 -0.250038 -0.293649
0 0 0 0.49205 0.851619 -0.250038 -0.293649
0 0 0 0.49205 0.851619 -0.250038 -0.293649
0 0 0 0.563463 0.820368 -0.320353 -0.372997
0 0 0 0.563463 0.820368 -0.320353 -0.372997
0 0 0 0.587298 0.804743 -0.359416 -0.412671
0 0 0 0.587298 0.804743 -0.359416 -0.412671
0 0 0 0.587298 0.804743 -0.359416 -0.412671
0 0 0 0.587298 0.734428 -0.414106 -0.444441
0 0 0 0.587298 0.734428 -0.414106 -0.444441
0 0 0 0.587298 0.734428 -0.414106 -0.444441
0 0 0 0.595233 0.632862 -0.445357 -0.444441
0 0 0 0.595233 0.632862 -0.445357 -0.444441
0 0 0 0.603168 0.585986 -0.476608 -0.444441
0 0 0 0.603168 0.585986 -0.476608 -0.444441
0 0 0 0.603168 0.585986 -0.476608 -0.444441
0 0 0 0.619037 0.57036 -0.546922 -0.444441
0 0 0 0.619037 0.57036 -0.546922 -0.444441
0 0 0 0.619037 0.539109 -0.57036 -0.444441
0 0 0 0.619037 0.48442 -0.62505 -0.444441
0 0 0 0.619037 0.48442 -0.62505 -0.444441
0 0 0 0.619037 0.48442 -0.62505 -0.444441
0 0 0 0.619037 0.48442 -0.62505 -0.444441
0 0 0 0.642842 0.335978 -0.781304 -0.452376
0 0 0 0.642842 0.335978 -0.781304 -0.452376
0 0 0 0.642842 0.335978 -0.781304 -0.452376
0 0 0 0.642842 0.335978 -0.781304 -0.452376
0 0 0 0.642842 0.335978 -0.781304 -0.452376
0 0 0 0.698386 0.265664 -0.851619 -0.452376
0 0 0 0.698386 0.265664 -0.851619 -0.452376
0 0 0 0.698386 0.265664 -0.851619 -0.452376
0 0 0 0.698386 0.265664 -0.851619 -0.452376
0 0 0 0.698386 0.265664 -0.851619 -0.452376
0 0 0 0.746025 0.195349 -0.953185 -0.468245
0 0 0 0.746025 0.195349 -0.953185 -0.468245
0 0 0 0.746025 0.195349 -0.953185 -0.468245
0 0 0 0.746025 0.195349 -0.953185 -0.468245
0 0 0 0.746025 0.195349 -0.953185 -0.468245
0 0 0 0.761895 0.164098 -1.00003 -0.412671
0 0 0 0.761895 0.164098 -1.00003 -0.412671
0 0 0 0.761895 0.164098 -1.00003 -0.412671
0 0 0 0.761895 0.164098 -1.00003 -0.412671
0 0 0 0.761895 0.164098 -1.00003 -0.412671
0 0 0 0.817438 0.0937834 -1.00003 -0.269814
0 0 0 0.817438 0.0937834 -1.00003 -0.269814
0 0 0 0.817438 0.0937834 -1.00003 -0.269814
0 0 0 0.817438 0.0937834 -1.00003 -0.269814
0 0 0 0.817438 0.0937834 -1.00003 -0.269814
0 0 0 0.873012 0.0625324 -1.00003 -0.21427
0 0 0 0.873012 0.0625324 -1.00003 -0.21427
0 0 0 0.873012 0.0625324 -1.00003 -0.21427
0 0 0 0.873012 0.0625324 -1.00003 -0.21427
0 0 0 0.873012 0.0625324 -1.00003 -0.21427
0 0 0 0.912687 0.0469069 -1.00003 -0.182531
0 0 0 0.912687 0.0469069 -1.00003 -0.182531
0 0 0 0.912687 0.0469069 -1.00003 -0.182531
0 0 0 0.912687 0.0469069 -1.00003 -0.182531
0 0 0 0.912687 0.0469069 -1.00003 -0.182531
0 0 0 0.944426 0.015656 -1.00003 -0.158727
0 0 0 0.944426 0.015656 -1.00003 -0.158727
0 0 0 0.944426 0.00784326 -1.00003 -0.142857
0 0 0 0.944426 0.00784326 -1.00003 -0.142857
0 0 0 0.944426 0.00784326 -1.00003 -0.142857
0 0 0 0.96823 3.05185e-005 -1.00003 -0.119022
0 0 0 0.96823 3.05185e-005 -1.00003 -0.119022
0 0 0 0.96823 3.05185e-005 -1.00003 -0.119022
0 0 0 0.96823 3.05185e-005 -1.00003 -0.119022
0 0 0 0.96823 3.05185e-005 -1.00003 -0.119022
0 0 0 0.976165 3.05185e-005 -1.00003 -0.00793481
0 0 0 0.976165 3.05185e-005 -1.00003 -0.00793481
0 0 0 0.976165 3.05185e-005 -1.00003 -0.00793481
0 0 0 0.976165 3.05185e-005 -1.00003 -0.00793481
0 0 0 0.976165 3.05185e-005 -1.00003 -0.00793481
0 0 0 0.976165 -0.0158696 -1.00003 0.00784326
0 0 0 0.976165 -0.0158696 -1.00003 0.00784326
0 0 0 0.976165 -0.0158696 -1.00003 0.00784326
0 0 0 0.976165 -0.0158696 -1.00003 0.00784326
0 0 0 0.976165 -0.0158696 -1.00003 0.00784326
0 0 0 0.952361 -0.0872829 -1.00003 0.14066
0 0 0 0.952361 -0.0872829 -1.00003 0.14066
0 0 0 0.952361 -0.0872829 -1.00003 0.14066
0 0 0 0.952361 -0.0872829 -1.00003 0.14066
0 0 0 0.952361 -0.0872829 -1.00003 0.14066
0 0 0 0.936491 -0.111087 -1.00003 0.265664
0 0 0 0.936491 -0.111087 -1.00003 0.265664
0 0 0 0.936491 -0.111087 -1.00003 0.265664
0 0 0 0.920621 -0.111087 -1.00003 0.328166
0 0 0 0.920621 -0.111087 -1.00003 0.328166
0 0 0 0.920621 -0.166662 -1.00003 0.468795
0 0 0 0.920621 -0.166662 -1.00003 0.468795
0 0 0 0.920621 -0.166662 -1.00003 0.468795
0 0 0 0.920621 -0.166662 -1.00003 0.468795
0 0 0 0.920621 -0.166662 -1.00003 0.468795
0 0 0 0.904752 -0.198401 -1.00003 0.601611
0 0 0 0.904752 -0.198401 -1.00003 0.601611
0 0 0 0.904752 -0.198401 -1.00003 0.601611
0 0 0 0.880947 -0.21427 -1.00003 0.664113
0 0 0 0.880947 -0.21427 -1.00003 0.664113
0 0 0 0.849178 -0.269814 -1.00003 0.789117
0 0 0 0.849178 -0.269814 -1.00003 0.789117
0 0 0 0.849178 -0.269814 -1.00003 0.789117
0 0 0 0.849178 -0.269814 -1.00003 0.789117
0 0 0 0.849178 -0.269814 -1.00003 0.789117
0 0 0 0.817438 -0.349193 -1.00003 0.867244
0 0 0 0.817438 -0.349193 -1.00003 0.867244
0 0 0 0.817438 -0.349193 -1.00003 0.867244
0 0 0 0.809503 -0.365062 -1.00003 0.88287
0 0 0 0.809503 -0.365062 -1.00003 0.88287
0 0 0 0.777764 -0.404736 -1.00003 0.960997
0 0 0 0.777764 -0.404736 -1.00003 0.960997
0 0 0 0.777764 -0.404736 -1.00003 0.960997
0 0 0 0.777764 -0.404736 -1.00003 0.960997
0 0 0 0.777764 -0.404736 -1.00003 0.960997
0 0 0 0.730155 -0.50792 -0.984436 0.984436
0 0 0 0.730155 -0.50792 -0.984436 0.984436
0 0 0 0.730155 -0.50792 -0.984436 0.984436
0 0 0 0.730155 -0.50792 -0.984436 0.984436
0 0 0 0.730155 -0.50792 -0.984436 0.984436
0 0 0 0.698386 -0.531724 -0.984436 0.984436
0 0 0 0.698386 -0.531724 -0.984436 0.984436
0 0 0 0.698386 -0.531724 -0.984436 0.984436
0 0 0 0.698386 -0.531724 -0.984436 0.984436
0 0 0 0.698386 -0.531724 -0.984436 0.984436
0 0 0 0.626972 -0.579363 -0.984436 0.984436
0 0 0 0.626972 -0.579363 -0.984436 0.984436
0 0 0 0.603168 -0.579363 -0.984436 0.984436
0 0 0 0.603168 -0.579363 -0.984436 0.984436
0 0 0 0.603168 -0.579363 -0.984436 0.984436
0 0 0 0.515854 -0.658711 -0.945372 1.00003
0 0 0 0.515854 -0.658711 -0.945372 1.00003
0 0 0 0.515854 -0.658711 -0.945372 1.00003
0 0 0 0.515854 -0.658711 -0.945372 1.00003
0 0 0 0.515854 -0.658711 -0.945372 1.00003
0 0 0 0.499985 -0.658711 -0.835994 1.00003
0 0 0 0.499985 -0.658711 -0.835994 1.00003
0 0 0 0.49205 -0.674581 -0.820368 1.00003
0 0 0 0.49205 -0.674581 -0.820368 1.00003
0 0 0 0.49205 -0.674581 -0.820368 1.00003
0 0 0 0.49205 -0.690451 -0.79693 1.00003
0 0 0 0.49205 -0.690451 -0.79693 1.00003
0 0 0 0.460311 -0.690451 -0.781304 1.00003
0 0 0 0.460311 -0.690451 -0.781304 1.00003
0 0 0 0.460311 -0.690451 -0.781304 1.00003
0 0 0 0.428571 -0.730155 -0.765679 1.00003
0 0 0 0.428571 -0.730155 -0.765679 1.00003
0 0 0 0.428571 -0.730155 -0.765679 1.00003
0 0 0 0.412671 -0.746025 -0.765679 1.00003
0 0 0 0.412671 -0.746025 -0.765679 1.00003
0 0 0 0.365062 -0.746025 -0.765679 1.00003
0 0 0 0.317454 -0.769829 -0.742241 1.00003
0 0 0 0.317454 -0.769829 -0.742241 1.00003
0 0 0 0.317454 -0.769829 -0.742241 1.00003
0 0 0 0.317454 -0.769829 -0.742241 1.00003
0 0 0 0.285714 -0.785699 -0.742241 1.00003
0 0 0 0.261879 -0.817438 -0.71099 1.00003
0 0 0 0.261879 -0.817438 -0.71099 1.00003
0 0 0 0.261879 -0.817438 -0.71099 1.00003
0 0 0 0.261879 -0.817438 -0.71099 1.00003
0 0 0 0.24601 -0.841243 -0.640675 1.00003
0 0 0 0.24601 -0.841243 -0.640675 1.00003
0 0 0 0.24601 -0.841243 -0.640675 1.00003
0 0 0 0.24601 -0.841243 -0.640675 1.00003
0 0 0 0.24601 -0.841243 -0.640675 1.00003
0 0 0 0.182531 -0.912687 -0.601611 1.00003
0 0 0 0.182531 -0.912687 -0.601611 1.00003
0 0 0 0.182531 -0.912687 -0.601611 1.00003
0 0 0 0.182531 -0.912687 -0.601611 1.00003
0 0 0 0.182531 -0.912687 -0.601611 1.00003
0 0 0 0.142857 -0.936491 -0.507859 1.00003
0 0 0 0.142857 -0.936491 -0.507859 1.00003
0 0 0 0.142857 -0.936491 -0.507859 1.00003
0 0 0 0.142857 -0.936491 -0.507859 1.00003
0 0 0 0.142857 -0.936491 -0.507859 1.00003
0 0 0 0.111087 -0.96823 -0.437544 1.00003
0 0 0 0.111087 -0.96823 -0.437544 1.00003
0 0 0 0.111087 -0.96823 -0.437544 1.00003
0 0 0 0.111087 -0.96823 -0.437544 1.00003
0 0 0 0.111087 -0.96823 -0.437544 1.00003
0 0 0 0.0317392 -1 -0.421918 1.00003
0 0 0 0.0317392 -1 -0.421918 1.00003
0 0 0 0.0317392 -1 -0.421918 1.00003
0 0 0 0.0317392 -1 -0.421918 1.00003
0 0 0 0.0317392 -1 -0.421918 1.00003
0 0 0 0.0158696 -1 -0.406293 1.00003
0 0 0 0.0158696 -1 -0.406293 1.00003
0 0 0 0.0158696 -1 -0.406293 1.00003
0 0 0 0.0158696 -1 -0.406293 1.00003
0 0 0 0.0158696 -1 -0.406293 1.00003
0 0 0 -3.05185e-005 -1 -0.343791 1.00003
0 0 0 -3.05185e-005 -1 -0.343791 1.00003
0 0 0 -3.05185e-005 -1 -0.343791 1.00003
0 0 0 -3.05185e-005 -1 -0.343791 1.00003
0 0 0 -3.05185e-005 -1 -0.343791 1.00003
0 0 0 -0.00784326 -1 -0.242225 1.00003
0 0 0 -0.00784326 -1 -0.242225 1.00003
0 0 0 -0.00784326 -1 -0.242225 1.00003
0 0 0 -0.00784326 -1 -0.242225 1.00003
0 0 0 -0.00784326 -1 -0.242225 1.00003
0 0 0 -0.015656 -1 -0.171911 1.00003
0 0 0 -0.015656 -1 -0.171911 1.00003
0 0 0 -0.015656 -1 -0.171911 1.00003
0 0 0 -0.015656 -1 -0.171911 1.00003
0 0 0 -0.015656 -1 -0.171911 1.00003
0 0 0 -0.0859706 -1 -0.0781579 1.00003
0 0 0 -0.0859706 -1 -0.0781579 1.00003
0 0 0 -0.0859706 -1 -0.0781579 1.00003
0 0 0 -0.0859706 -1 -0.0781579 1.00003
0 0 0 -0.0859706 -1 -0.0781579 1.00003
0 0 0 -0.148473 -1 -0.00784326 1.00003
0 0 0 -0.148473 -1 -0.00784326 1.00003
0 0 0 -0.148473 -1 -0.00784326 1.00003
0 0 0 -0.148473 -1 -0.00784326 1.00003
0 0 0 -0.187536 -1 -0.00784326 1.00003
0 0 0 -0.203162 -1 -0.00784326 1.00003
0 0 0 -0.203162 -1 -0.00784326 1.00003
0 0 0 -0.203162 -1 -0.00784326 1.00003
0 0 0 -0.203162 -1 -0.00784326 1.00003
0 0 0 -0.257851 -1 -0.00784326 1.00003
0 0 0 -0.289102 -1 -0.00784326 1.00003
0 0 0 -0.289102 -1 -0.00784326 1.00003
0 0 0 -0.289102 -1 -0.00784326 1.00003
0 0 0 -0.289102 -1 -0.00784326 1.00003
0 0 0 -0.304727 -1 -0.00784326 1.00003
0 0 0 -0.320353 -1 -0.00784326 1.00003
0 0 0 -0.320353 -1 -0.00784326 1.00003
0 0 0 -0.343791 -1 -0.00784326 1.00003
0 0 0 -0.343791 -1 -0.00784326 1.00003
0 0 0 -0.343791 -1 -0.00784326 1.00003
0 0 0 -0.359416 -1 -0.00784326 1.00003
0 0 0 -0.359416 -1 -0.00784326 1.00003
0 0 0 -0.375042 -1 -3.05185e-005 1.00003
0 0 0 -0.375042 -1 -3.05185e-005 1.00003
0 0 0 -0.375042 -1 -3.05185e-005 1.00003
0 0 0 -0.476608 -1 0.0317392 1.00003
0 0 0 -0.476608 -1 0.0317392 1.00003
0 0 0 -0.476608 -1 0.0317392 1.00003
0 0 0 -0.476608 -1 0.0317392 1.00003
0 0 0 -0.476608 -1 0.0317392 1.00003
0 0 0 -0.515671 -1 0.0555437 1.00003
0 0 0 -0.546922 -1 0.111087 1.00003
0 0 0 -0.546922 -1 0.111087 1.00003
0 0 0 -0.546922 -1 0.111087 1.00003
0 0 0 -0.546922 -1 0.111087 1.00003
0 0 0 -0.617237 -0.912687 0.150792 1.00003
0 0 0 -0.617237 -0.912687 0.150792 1.00003
0 0 0 -0.617237 -0.912687 0.150792 1.00003
0 0 0 -0.617237 -0.912687 0.150792 1.00003
0 0 0 -0.617237 -0.912687 0.150792 1.00003
0 0 0 -0.687551 -0.912687 0.150792 1.00003
0 0 0 -0.734428 -0.896817 0.158727 1.00003
0 0 0 -0.734428 -0.896817 0.158727 1.00003
0 0 0 -0.734428 -0.896817 0.158727 1.00003
0 0 0 -0.734428 -0.896817 0.158727 1.00003
0 0 0 -0.820368 -0.896817 0.190466 1.00003
0 0 0 -0.820368 -0.896817 0.190466 1.00003
0 0 0 -0.820368 -0.896817 0.190466 1.00003
0 0 0 -0.820368 -0.896817 0.190466 1.00003
0 0 0 -0.820368 -0.896817 0.190466 1.00003
0 0 0 -0.906308 -0.841243 0.277749 1.00003
0 0 0 -0.906308 -0.841243 0.277749 1.00003
0 0 0 -0.906308 -0.841243 0.277749 1.00003
0 0 0 -0.906308 -0.841243 0.277749 1.00003
0 0 0 -0.906308 -0.841243 0.277749 1.00003
0 0 0 -0.921934 -0.825373 0.349193 1.00003
0 0 0 -0.921934 -0.825373 0.349193 1.00003
0 0 0 -0.921934 -0.825373 0.349193 1.00003
0 0 0 -0.921934 -0.825373 0.349193 1.00003
0 0 0 -0.921934 -0.825373 0.349193 1.00003
0 0 0 -1.00003 -0.825373 0.436506 1.00003
0 0 0 -1.00003 -0.825373 0.436506 1.00003
0 0 0 -1.00003 -0.825373 0.436506 1.00003
0 0 0 -1.00003 -0.825373 0.436506 1.00003
0 0 0 -1.00003 -0.825373 0.436506 1.00003
0 0 0 -1.00003 -0.825373 0.587298 0.914121
0 0 0 -1.00003 -0.825373 0.587298 0.914121
0 0 0 -1.00003 -0.825373 0.587298 0.914121
0 0 0 -1.00003 -0.825373 0.587298 0.914121
0 0 0 -1.00003 -0.825373 0.587298 0.914121
0 0 0 -1.00003 -0.817438 0.714286 0.804743
0 0 0 -1.00003 -0.817438 0.714286 0.804743
0 0 0 -1.00003 -0.817438 0.714286 0.804743
0 0 0 -1.00003 -0.817438 0.714286 0.804743
0 0 0 -1.00003 -0.817438 0.714286 0.804743
0 0 0 -1.00003 -0.75396 0.761895 0.789117
0 0 0 -1.00003 -0.75396 0.761895 0.789117
0 0 0 -1.00003 -0.75396 0.761895 0.789117
0 0 0 -1.00003 -0.75396 0.761895 0.789117
0 0 0 -1.00003 -0.75396 0.761895 0.789117
0 0 0 -1.00003 -0.730155 0.809503 0.773492
0 0 0 -1.00003 -0.730155 0.809503 0.773492
0 0 0 -1.00003 -0.730155 0.809503 0.773492
0 0 0 -1.00003 -0.730155 0.809503 0.773492
0 0 0 -1.00003 -0.730155 0.809503 0.773492
0 0 0 -1.00003 -0.642842 0.952361 0.679739
0 0 0 -1.00003 -0.642842 0.952361 0.679739
0 0 0 -1.00003 -0.642842 0.952361 0.679739
0 0 0 -1.00003 -0.642842 0.952361 0.679739
0 0 0 -1.00003 -0.642842 0.952361 0.679739
0 0 0 -1.00003 -0.619037 1 0.554735
0 0 0 -1.00003 -0.619037 1 0.554735
0 0 0 -1.00003 -0.619037 1 0.554735
0 0 0 -1.00003 -0.619037 1 0.554735
0 0 0 -1.00003 -0.619037 1 0.554735
0 0 0 -1.00003 -0.547594 1 0.406293
0 0 0 -1.00003 -0.547594 1 0.406293
0 0 0 -1.00003 -0.547594 1 0.406293
0 0 0 -1.00003 -0.50792 1 0.359416
0 0 0 -1.00003 -0.50792 1 0.359416
0 0 0 -1.00003 -0.452376 1 0.31254
0 0 0 -1.00003 -0.452376 1 0.31254
0 0 0 -1.00003 -0.452376 1 0.31254
0 0 0 -1.00003 -0.380932 1 0.250038
0 0 0 -1.00003 -0.380932 1 0.250038
0 0 0 -1.00003 -0.341258 1 0.156285
0 0 0 -1.00003 -0.277749 1 0.109409
0 0 0 -1.00003 -0.277749 1 0.109409
0 0 0 -1.00003 -0.277749 1 0.109409
0 0 0 -1.00003 -0.277749 1 0.109409
0 0 0 -1.00003 -0.166662 1 0.015656
0 0 0 -1.00003 -0.166662 1 0.015656
0 0 0 -1.00003 -0.166662 1 0.015656
0 0 0 -1.00003 -0.166662 1 0.015656
0 0 0 -1.00003 -0.166662 1 0.015656
0 0 0 -1.00003 -0.0158696 1 0.00784326
0 0 0 -1.00003 -0.0158696 1 0.00784326
0 0 0 -1.00003 -0.0158696 1 0.00784326
0 0 0 -1.00003 -0.0158696 1 0.00784326
0 0 0 -1.00003 -0.0158696 1 0.00784326
0 0 0 -1.00003 0.00784326 1 3.05185e-005
0 0 0 -1.00003 0.00784326 1 3.05185e-005
0 0 0 -1.00003 0.00784326 1 3.05185e-005
0 0 0 -1.00003 0.00784326 1 3.05185e-005
0 0 0 -1.00003 0.00784326 1 3.05185e-005
0 0 0 -1.00003 0.015656 1 3.05185e-005
0 0 0 -1.00003 0.015656 1 3.05185e-005
0 0 0 -1.00003 0.015656 1 3.05185e-005
0 0 0 -1.00003 0.015656 1 3.05185e-005
0 0 0 -1.00003 0.015656 1 3.05185e-005
0 0 0 -1.00003 0.132847 1 3.05185e-005
0 0 0 -1.00003 0.132847 1 3.05185e-005
0 0 0 -1.00003 0.132847 1 3.05185e-005
0 0 0 -1.00003 0.132847 1 3.05185e-005
0 0 0 -1.00003 0.132847 1 3.05185e-005
0 0 0 -1.00003 0.218787 1 -0.0634785
0 0 0 -1.00003 0.218787 1 -0.0634785
0 0 0 -1.00003 0.218787 1 -0.0634785
0 0 0 -1.00003 0.218787 1 -0.0634785
0 0 0 -1.00003 0.218787 1 -0.0634785
0 0 0 -0.890683 0.234413 1 -0.0793481
0 0 0 -0.890683 0.234413 1 -0.0793481
0 0 0 -0.890683 0.234413 1 -0.0793481
0 0 0 -0.890683 0.234413 1 -0.0793481
0 0 0 -0.890683 0.234413 1 -0.0793481
0 0 0 -0.835994 0.281289 1 -0.111087
0 0 0 -0.835994 0.281289 1 -0.111087
0 0 0 -0.835994 0.281289 1 -0.111087
0 0 0 -0.835994 0.281289 1 -0.111087
0 0 0 -0.835994 0.281289 1 -0.111087
0 0 0 -0.734428 0.351604 0.96823 -0.111087
0 0 0 -0.734428 0.351604 0.96823 -0.111087
0 0 0 -0.734428 0.351604 0.96823 -0.111087
0 0 0 -0.734428 0.351604 0.96823 -0.111087
0 0 0 -0.734428 0.351604 0.96823 -0.111087
0 0 0 -0.718802 0.351604 0.880947 -0.111087
0 0 0 -0.718802 0.351604 0.880947 -0.111087
0 0 0 -0.718802 0.351604 0.880947 -0.111087
0 0 0 -0.718802 0.351604 0.880947 -0.111087
0 0 0 -0.703177 0.351604 0.817438 -0.119022
0 0 0 -0.703177 0.351604 0.777764 -0.119022
0 0 0 -0.703177 0.351604 0.777764 -0.119022
0 0 0 -0.703177 0.351604 0.777764 -0.119022
0 0 0 -0.703177 0.351604 0.777764 -0.119022
0 0 0 -0.703177 0.351604 0.746025 -0.119022
0 0 0 -0.687551 0.351604 0.730155 -0.119022
0 0 0 -0.687551 0.351604 0.730155 -0.119022
0 0 0 -0.687551 0.367229 0.714286 -0.111087
0 0 0 -0.687551 0.367229 0.714286 -0.111087
0 0 0 -0.687551 0.367229 0.714286 -0.111087
0 0 0 -0.687551 0.382855 0.690451 -0.111087
0 0 0 -0.687551 0.382855 0.690451 -0.111087
0 0 0 -0.664113 0.382855 0.690451 -0.111087
0 0 0 -0.664113 0.382855 0.690451 -0.111087
0 0 0 -0.664113 0.382855 0.690451 -0.111087
0 0 0 -0.601611 0.414106 0.619037 -0.142857
0 0 0 -0.601611 0.414106 0.619037 -0.142857
0 0 0 -0.601611 0.414106 0.619037 -0.142857
0 0 0 -0.601611 0.414106 0.619037 -0.142857
0 0 0 -0.601611 0.414106 0.619037 -0.142857
0 0 0 -0.578173 0.414106 0.555528 -0.142857
0 0 0 -0.578173 0.414106 0.555528 -0.142857
0 0 0 -0.578173 0.414106 0.555528 -0.142857
0 0 0 -0.578173 0.414106 0.555528 -0.142857
0 0 0 -0.578173 0.414106 0.555528 -0.142857
0 0 0 -0.531297 0.468795 0.452376 -0.142857
0 0 0 -0.531297 0.468795 0.452376 -0.142857
0 0 0 -0.531297 0.468795 0.452376 -0.142857
0 0 0 -0.531297 0.468795 0.452376 -0.142857
0 0 0 -0.531297 0.468795 0.452376 -0.142857
0 0 0 -0.492233 0.500046 0.380932 -0.142857
0 0 0 -0.492233 0.500046 0.380932 -0.142857
0 0 0 -0.492233 0.500046 0.380932 -0.142857
0 0 0 -0.492233 0.500046 0.380932 -0.142857
0 0 0 -0.492233 0.500046 0.380932 -0.142857
0 0 0 -0.476608 0.515671 0.293649 -0.142857
0 0 0 -0.476608 0.515671 0.293649 -0.142857
0 0 0 -0.476608 0.515671 0.293649 -0.142857
0 0 0 -0.476608 0.515671 0.293649 -0.142857
0 0 0 -0.476608 0.515671 0.293649 -0.142857
0 0 0 -0.460982 0.515671 0.190466 -0.174596
0 0 0 -0.460982 0.515671 0.190466 -0.174596
0 0 0 -0.460982 0.515671 0.190466 -0.174596
0 0 0 -0.460982 0.515671 0.190466 -0.174596
0 0 0 -0.460982 0.515671 0.190466 -0.174596
0 0 0 -0.406293 0.515671 0.158727 -0.174596
0 0 0 -0.406293 0.515671 0.158727 -0.174596
0 0 0 -0.406293 0.515671 0.158727 -0.174596
0 0 0 -0.406293 0.515671 0.158727 -0.174596
0 0 0 -0.406293 0.515671 0.158727 -0.174596
0 0 0 -0.390667 0.539109 0.150792 -0.182531
0 0 0 -0.390667 0.539109 0.150792 -0.182531
0 0 0 -0.390667 0.539109 0.150792 -0.182531
0 0 0 -0.390667 0.539109 0.150792 -0.182531
0 0 0 -0.390667 0.539109 0.150792 -0.182531
0 0 0 -0.359416 0.539109 0.111087 -0.182531
0 0 0 -0.359416 0.539109 0.111087 -0.182531
0 0 0 -0.359416 0.539109 0.111087 -0.182531
0 0 0 -0.359416 0.539109 0.111087 -0.182531
0 0 0 -0.359416 0.539109 0.111087 -0.182531
0 0 0 -0.343791 0.539109 0.0158696 -0.182531
0 0 0 -0.343791 0.539109 0.0158696 -0.182531
0 0 0 -0.320353 0.539109 0 -0.198401
0 0 0 -0.320353 0.539109 0 -0.198401
0 0 0 -0.320353 0.539109 0 -0.198401
0 0 0 -0.304727 0.554735 0 -0.21427
0 0 0 -0.304727 0.554735 0 -0.21427
0 0 0 -0.304727 0.554735 0 -0.21427
0 0 0 -0.304727 0.554735 0 -0.21427
0 0 0 -0.304727 0.554735 0 -0.21427
0 0 0 -0.234413 0.57036 0 -0.21427
0 0 0 -0.171911 0.585986 0 -0.21427
0 0 0 -0.171911 0.585986 0 -0.21427
0 0 0 -0.171911 0.585986 0 -0.21427
0 0 0 -0.171911 0.585986 0 -0.21427
0 0 0 -0.101596 0.617237 0 -0.222205
0 0 0 -0.0859706 0.632862 0 -0.222205
0 0 0 -0.0859706 0.632862 0 -0.222205
0 0 0 -0.0859706 0.632862 0 -0.222205
0 0 0 -0.0859706 0.632862 0 -0.222205
0 0 0 -0.0312815 0.632862 -0.00784326 -0.253945
0 0 0 -0.0312815 0.632862 -0.00784326 -0.253945
0 0 0 -0.0312815 0.632862 -0.00784326 -0.253945
0 0 0 -0.0312815 0.632862 -0.00784326 -0.253945
0 0 0 -0.0312815 0.632862 -0.00784326 -0.253945
0 0 0 -0.00784326 0.656301 -0.015656 -0.309519
0 0 0 -0.00784326 0.656301 -0.015656 -0.309519
0 0 0 -0.00784326 0.656301 -0.015656 -0.309519
0 0 0 -0.00784326 0.656301 -0.015656 -0.309519
0 0 0 -0.00784326 0.656301 -0.015656 -0.309519
0 0 0 -0.00784326 0.656301 -0.0625324 -0.317454
0 0 0 -0.00784326 0.656301 -0.0625324 -0.317454
0 0 0 -0.00784326 0.656301 -0.0625324 -0.317454
0 0 0 -0.00784326 0.656301 -0.0625324 -0.317454
0 0 0 -0.00784326 0.656301 -0.0625324 -0.317454
0 0 0 -0.00784326 0.656301 -0.117222 -0.317454
0 0 0 -0.00784326 0.656301 -0.117222 -0.317454
0 0 0 -0.00784326 0.656301 -0.117222 -0.317454
0 0 0 -0.00784326 0.656301 -0.117222 -0.317454
0 0 0 -0.00784326 0.656301 -0.117222 -0.317454
0 0 0 -3.05185e-005 0.656301 -0.234413 -0.317454
0 0 0 -3.05185e-005 0.656301 -0.234413 -0.317454
0 0 0 -3.05185e-005 0.656301 -0.234413 -0.317454
0 0 0 -3.05185e-005 0.656301 -0.234413 -0.317454
0 0 0 -3.05185e-005 0.656301 -0.234413 -0.317454
0 0 0 -3.05185e-005 0.656301 -0.296915 -0.349193
0 0 0 -3.05185e-005 0.656301 -0.296915 -0.349193
0 0 0 -3.05185e-005 0.656301 -0.296915 -0.349193
0 0 0 -3.05185e-005 0.656301 -0.296915 -0.349193
0 0 0 -3.05185e-005 0.656301 -0.296915 -0.349193
0 0 0 0.0158696 0.656301 -0.343791 -0.404736
0 0 0 0.0158696 0.656301 -0.343791 -0.404736
0 0 0 0.0158696 0.656301 -0.343791 -0.404736
0 0 0 0.0158696 0.656301 -0.343791 -0.404736
0 0 0 0.0158696 0.656301 -0.343791 -0.404736
0 0 0 0.0555437 0.656301 -0.437544 -0.412671
0 0 0 0.0555437 0.656301 -0.437544 -0.412671
0 0 0 0.0555437 0.656301 -0.437544 -0.412671
0 0 0 0.0555437 0.656301 -0.437544 -0.412671
0 0 0 0.0555437 0.656301 -0.437544 -0.412671
0 0 0 0.119022 0.656301 -0.468795 -0.412671
0 0 0 0.119022 0.656301 -0.468795 -0.412671
0 0 0 0.119022 0.656301 -0.468795 -0.412671
0 0 0 0.119022 0.656301 -0.468795 -0.412671
0 0 0 0.119022 0.656301 -0.468795 -0.412671
0 0 0 0.174596 0.656301 -0.523484 -0.444441
0 0 0 0.174596 0.656301 -0.523484 -0.444441
0 0 0 0.174596 0.656301 -0.523484 -0.444441
0 0 0 0.174596 0.656301 -0.523484 -0.444441
0 0 0 0.174596 0.656301 -0.523484 -0.444441
0 0 0 0.190466 0.632862 -0.585986 -0.444441
0 0 0 0.190466 0.632862 -0.585986 -0.444441
0 0 0 0.190466 0.632862 -0.585986 -0.444441
0 0 0 0.190466 0.632862 -0.585986 -0.444441
0 0 0 0.222205 0.632862 -0.617237 -0.444441
0 0 0 0.24601 0.617237 -0.640675 -0.444441
0 0 0 0.24601 0.617237 -0.640675 -0.444441
0 0 0 0.24601 0.617237 -0.640675 -0.444441
0 0 0 0.24601 0.617237 -0.640675 -0.444441
0 0 0 0.277749 0.601611 -0.671926 -0.428571
0 0 0 0.285714 0.585986 -0.703177 -0.428571
0 0 0 0.285714 0.585986 -0.703177 -0.428571
0 0 0 0.285714 0.585986 -0.703177 -0.428571
0 0 0 0.285714 0.585986 -0.703177 -0.428571
0 0 0 0.317454 0.57036 -0.742241 -0.428571
0 0 0 0.349193 0.57036 -0.757866 -0.428571
0 0 0 0.349193 0.57036 -0.757866 -0.428571
0 0 0 0.388867 0.554735 -0.781304 -0.428571
0 0 0 0.388867 0.554735 -0.781304 -0.428571
0 0 0 0.388867 0.554735 -0.781304 -0.428571
0 0 0 0.420606 0.554735 -0.79693 -0.412671
0 0 0 0.420606 0.554735 -0.79693 -0.412671
0 0 0 0.420606 0.554735 -0.79693 -0.412671
0 0 0 0.460311 0.554735 -0.812555 -0.444441
0 0 0 0.460311 0.554735 -0.812555 -0.444441
0 0 0 0.523789 0.554735 -0.867244 -0.444441
0 0 0 0.523789 0.554735 -0.867244 -0.444441
0 0 0 0.523789 0.554735 -0.867244 -0.444441
0 0 0 0.523789 0.554735 -0.867244 -0.444441
0 0 0 0.523789 0.554735 -0.867244 -0.444441
0 0 0 0.563463 0.554735 -0.921934 -0.444441
0 0 0 0.587298 0.554735 -0.937559 -0.444441
0 0 0 0.587298 0.554735 -0.937559 -0.444441
0 0 0 0.587298 0.554735 -0.937559 -0.444441
0 0 0 0.587298 0.554735 -0.937559 -0.444441
0 0 0 0.626972 0.539109 -1.00003 -0.444441
0 0 0 0.626972 0.539109 -1.00003 -0.444441
0 0 0 0.626972 0.539109 -1.00003 -0.444441
0 0 0 0.626972 0.539109 -1.00003 -0.444441
0 0 0 0.626972 0.539109 -1.00003 -0.444441
0 0 0 0.642842 0.539109 -1.00003 -0.428571
0 0 0 0.674581 0.539109 -1.00003 -0.428571
0 0 0 0.674581 0.539109 -1.00003 -0.428571
0 0 0 0.674581 0.539109 -1.00003 -0.428571
0 0 0 0.674581 0.539109 -1.00003 -0.428571
0 0 0 0.746025 0.539109 -1.00003 -0.428571
0 0 0 0.746025 0.539109 -1.00003 -0.428571
0 0 0 0.746025 0.539109 -1.00003 -0.428571
0 0 0 0.746025 0.539109 -1.00003 -0.428571
0 0 0 0.746025 0.539109 -1.00003 -0.428571
0 0 0 0.793634 0.539109 -1.00003 -0.428571
0 0 0 0.793634 0.539109 -1.00003 -0.428571
0 0 0 0.793634 0.539109 -1.00003 -0.428571
0 0 0 0.793634 0.539109 -1.00003 -0.428571
0 0 0 0.793634 0.539109 -1.00003 -0.428571
0 0 0 0.833308 0.539109 -1.00003 -0.428571
0 0 0 0.833308 0.539109 -1.00003 -0.428571
0 0 0 0.833308 0.539109 -1.00003 -0.428571
0 0 0 0.833308 0.539109 -1.00003 -0.428571
0 0 0 0.833308 0.539109 -1.00003 -0.428571
0 0 0 0.873012 0.539109 -1.00003 -0.428571
0 0 0 0.873012 0.539109 -1.00003 -0.428571
0 0 0 0.873012 0.539109 -1.00003 -0.428571
0 0 0 0.873012 0.539109 -1.00003 -0.428571
0 0 0 0.873012 0.539109 -1.00003 -0.428571
0 0 0 0.904752 0.539109 -1.00003 -0.428571
0 0 0 0.904752 0.539109 -1.00003 -0.428571
0 0 0 0.904752 0.539109 -1.00003 -0.428571
0 0 0 0.904752 0.539109 -1.00003 -0.428571
0 0 0 0.904752 0.539109 -1.00003 -0.428571
0 0 0 0.920621 0.500046 -1.00003 -0.412671
0 0 0 0.920621 0.500046 -1.00003 -0.412671
0 0 0 0.920621 0.500046 -1.00003 -0.412671
0 0 0 0.920621 0.500046 -1.00003 -0.412671
0 0 0 0.920621 0.500046 -1.00003 -0.412671
0 0 0 0.936491 0.414106 -1.00003 -0.404736
0 0 0 0.936491 0.414106 -1.00003 -0.404736
0 0 0 0.936491 0.414106 -1.00003 -0.404736
0 0 0 0.936491 0.351604 -1.00003 -0.404736
0 0 0 0.936491 0.351604 -1.00003 -0.404736
0 0 0 0.936491 0.335978 -1.00003 -0.404736
0 0 0 0.936491 0.335978 -1.00003 -0.404736
0 0 0 0.936491 0.335978 -1.00003 -0.404736
0 0 0 0.936491 0.335978 -1.00003 -0.404736
0 0 0 0.904752 0.31254 -1.00003 -0.404736
0 0 0 0.873012 0.265664 -1.00003 -0.404736
0 0 0 0.873012 0.265664 -1.00003 -0.404736
0 0 0 0.873012 0.265664 -1.00003 -0.404736
0 0 0 0.873012 0.265664 -1.00003 -0.404736
0 0 0 0.849178 0.218787 -1.00003 -0.388867
0 0 0 0.849178 0.195349 -1.00003 -0.349193
0 0 0 0.849178 0.195349 -1.00003 -0.349193
0 0 0 0.841243 0.179724 -1.00003 -0.277749
0 0 0 0.841243 0.179724 -1.00003 -0.277749
0 0 0 0.841243 0.179724 -1.00003 -0.277749
0 0 0 0.833308 0.132847 -1.00003 -0.253945
0 0 0 0.833308 0.132847 -1.00003 -0.253945
0 0 0 0.833308 0.117222 -1.00003 -0.182531
0 0 0 0.833308 0.117222 -1.00003 -0.182531
0 0 0 0.833308 0.117222 -1.00003 -0.182531
0 0 0 0.833308 0.0781579 -1.00003 -0.174596
0 0 0 0.833308 0.0781579 -1.00003 -0.174596
0 0 0 0.833308 0.0781579 -1.00003 -0.174596
0 0 0 0.833308 0.0469069 -1.00003 -0.158727
0 0 0 0.833308 0.0469069 -1.00003 -0.158727
0 0 0 0.817438 0.0312815 -1.00003 -0.126957
0 0 0 0.817438 0.0312815 -1.00003 -0.126957
0 0 0 0.817438 0.0312815 -1.00003 -0.126957
0 0 0 0.817438 0.0312815 -1.00003 -0.126957
0 0 0 0.817438 0.0312815 -1.00003 -0.126957
0 0 0 0.817438 0.00784326 -1.00003 -0.119022
0 0 0 0.817438 3.05185e-005 -1.00003 -0.0634785
0 0 0 0.817438 3.05185e-005 -1.00003 -0.0634785
0 0 0 0.817438 3.05185e-005 -1.00003 -0.0634785
0 0 0 0.817438 3.05185e-005 -1.00003 -0.0634785
0 0 0 0.809503 3.05185e-005 -1.00003 3.05185e-005
0 0 0 0.809503 3.05185e-005 -1.00003 3.05185e-005
0 0 0 0.809503 3.05185e-005 -1.00003 3.05185e-005
0 0 0 0.809503 3.05185e-005 -1.00003 3.05185e-005
0 0 0 0.809503 3.05185e-005 -1.00003 3.05185e-005
0 0 0 0.801569 -0.0158696 -1.00003 0.00784326
0 0 0 0.801569 -0.0158696 -1.00003 0.00784326
0 0 0 0.801569 -0.0158696 -1.00003 0.00784326
0 0 0 0.801569 -0.0158696 -1.00003 0.00784326
0 0 0 0.801569 -0.0158696 -1.00003 0.00784326
0 0 0 0.793634 -0.0317392 -1.00003 0.00784326
0 0 0 0.793634 -0.0317392 -1.00003 0.00784326
0 0 0 0.793634 -0.0317392 -1.00003 0.00784326
0 0 0 0.793634 -0.0317392 -1.00003 0.00784326
0 0 0 0.793634 -0.0317392 -1.00003 0.00784326
0 0 0 0.761895 -0.0396741 -1.00003 0.0937834
0 0 0 0.761895 -0.0396741 -1.00003 0.0937834
0 0 0 0.761895 -0.0396741 -1.00003 0.0937834
0 0 0 0.761895 -0.0396741 -1.00003 0.0937834
0 0 0 0.761895 -0.0396741 -1.00003 0.0937834
0 0 0 0.746025 -0.0396741 -1.00003 0.171911
0 0 0 0.746025 -0.0396741 -1.00003 0.171911
0 0 0 0.746025 -0.0396741 -1.00003 0.171911
0 0 0 0.746025 -0.0396741 -1.00003 0.171911
0 0 0 0.746025 -0.0396741 -1.00003 0.171911
0 0 0 0.746025 -0.0555437 -1.00003 0.250038
0 0 0 0.746025 -0.0555437 -1.00003 0.250038
0 0 0 0.746025 -0.0555437 -1.00003 0.250038
0 0 0 0.746025 -0.0555437 -1.00003 0.250038
0 0 0 0.746025 -0.0555437 -1.00003 0.250038
0 0 0 0.746025 -0.0952177 -1.00003 0.296915
0 0 0 0.746025 -0.0952177 -1.00003 0.296915
0 0 0 0.746025 -0.0952177 -1.00003 0.296915
0 0 0 0.746025 -0.0952177 -1.00003 0.296915
0 0 0 0.746025 -0.0952177 -1.00003 0.296915
0 0 0 0.746025 -0.111087 -1.00003 0.328166
0 0 0 0.746025 -0.111087 -1.00003 0.328166
0 0 0 0.746025 -0.111087 -1.00003 0.328166
0 0 0 0.746025 -0.111087 -1.00003 0.328166
0 0 0 0.746025 -0.111087 -1.00003 0.328166
0 0 0 0.714286 -0.126957 -1.00003 0.343791
0 0 0 0.714286 -0.126957 -1.00003 0.343791
0 0 0 0.714286 -0.126957 -1.00003 0.343791
0 0 0 0.714286 -0.126957 -1.00003 0.343791
0 0 0 0.714286 -0.126957 -1.00003 0.343791
0 0 0 0.698386 -0.158727 -1.00003 0.375042
0 0 0 0.698386 -0.158727 -1.00003 0.375042
0 0 0 0.698386 -0.158727 -1.00003 0.375042
0 0 0 0.698386 -0.158727 -1.00003 0.375042
0 0 0 0.698386 -0.158727 -1.00003 0.375042
0 0 0 0.634907 -0.166662 -1.00003 0.390667
0 0 0 0.634907 -0.166662 -1.00003 0.390667
0 0 0 0.634907 -0.166662 -1.00003 0.390667
0 0 0 0.619037 -0.198401 -1.00003 0.390667
0 0 0 0.619037 -0.198401 -1.00003 0.390667
0 0 0 0.571429 -0.222205 -0.937559 0.390667
0 0 0 0.571429 -0.222205 -0.937559 0.390667
0 0 0 0.571429 -0.222205 -0.937559 0.390667
0 0 0 0.571429 -0.222205 -0.937559 0.390667
0 0 0 0.531724 -0.253945 -0.890683 0.406293
0 0 0 0.499985 -0.293649 -0.867244 0.406293
0 0 0 0.468245 -0.325388 -0.812555 0.406293
0 0 0 0.468245 -0.325388 -0.812555 0.406293
0 0 0 0.468245 -0.325388 -0.812555 0.406293
0 0 0 0.468245 -0.325388 -0.812555 0.406293
0 0 0 0.436506 -0.341258 -0.757866 0.406293
0 0 0 0.412671 -0.365062 -0.640675 0.406293
0 0 0 0.412671 -0.365062 -0.640675 0.406293
0 0 0 0.412671 -0.365062 -0.640675 0.406293
0 0 0 0.412671 -0.365062 -0.640675 0.406293
0 0 0 0.317454 -0.396802 -0.492233 0.437544
0 0 0 0.317454 -0.396802 -0.492233 0.437544
0 0 0 0.317454 -0.396802 -0.492233 0.437544
0 0 0 0.317454 -0.396802 -0.492233 0.437544
0 0 0 0.317454 -0.396802 -0.492233 0.437544
0 0 0 0.293649 -0.420606 -0.406293 0.523484
0 0 0 0.293649 -0.420606 -0.406293 0.523484
0 0 0 0.293649 -0.420606 -0.406293 0.523484
0 0 0 0.293649 -0.420606 -0.406293 0.523484
0 0 0 0.293649 -0.420606 -0.406293 0.523484
0 0 0 0.261879 -0.420606 -0.39848 0.539109
0 0 0 0.261879 -0.420606 -0.39848 0.539109
0 0 0 0.261879 -0.420606 -0.39848 0.539109
0 0 0 0.261879 -0.420606 -0.39848 0.539109
0 0 0 0.261879 -0.420606 -0.39848 0.539109
0 0 0 0.253945 -0.404736 -0.289102 0.57036
0 0 0 0.253945 -0.404736 -0.289102 0.57036
0 0 0 0.253945 -0.404736 -0.289102 0.57036
0 0 0 0.253945 -0.404736 -0.289102 0.57036
0 0 0 0.253945 -0.404736 -0.289102 0.57036
0 0 0 0.24601 -0.404736 -0.203162 0.585986
0 0 0 0.24601 -0.404736 -0.203162 0.585986
0 0 0 0.24601 -0.404736 -0.203162 0.585986
0 0 0 0.24601 -0.404736 -0.203162 0.585986
0 0 0 0.24601 -0.404736 -0.203162 0.585986
0 0 0 0.238075 -0.404736 -0.109409 0.585986
0 0 0 0.238075 -0.404736 -0.109409 0.585986
0 0 0 0.238075 -0.404736 -0.109409 0.585986
0 0 0 0.238075 -0.404736 -0.109409 0.585986
0 0 0 0.238075 -0.404736 -0.109409 0.585986
0 0 0 0.158727 -0.436506 -0.0390942 0.601611
0 0 0 0.158727 -0.436506 -0.0390942 0.601611
0 0 0 0.158727 -0.436506 -0.0390942 0.601611
0 0 0 0.158727 -0.436506 -0.0390942 0.601611
0 0 0 0.158727 -0.436506 -0.0390942 0.601611
0 0 0 0.119022 -0.50792 -0.0390942 0.648488
0 0 0 0.119022 -0.50792 -0.0390942 0.648488
0 0 0 0.119022 -0.50792 -0.0390942 0.648488
0 0 0 0.119022 -0.50792 -0.0390942 0.648488
0 0 0 0.119022 -0.50792 -0.0390942 0.648488
0 0 0 0.0396741 -0.563463 -0.0234687 0.71099
0 0 0 0.0396741 -0.563463 -0.0234687 0.71099
0 0 0 0.0396741 -0.563463 -0.0234687 0.71099
0 0 0 0.0396741 -0.563463 -0.0234687 0.71099
0 0 0 0.0396741 -0.563463 -0.0234687 0.71099
0 0 0 0.0158696 -0.619037 -0.00784326 0.757866
0 0 0 0.0158696 -0.619037 -0.00784326 0.757866
0 0 0 0.0158696 -0.619037 -0.00784326 0.757866
0 0 0 0.0158696 -0.619037 -0.00784326 0.757866
0 0 0 0.0158696 -0.619037 -0.00784326 0.757866
0 0 0 0.00793481 -0.634907 -0.00784326 0.789117
0 0 0 0.00793481 -0.634907 -0.00784326 0.789117
0 0 0 0 -0.642842 -0.00784326 0.789117
0 0 0 0 -0.642842 -0.00784326 0.789117
0 0 0 0 -0.642842 -0.00784326 0.789117
0 0 0 0 -0.642842 -0.00784326 0.804743
0 0 0 0 -0.642842 -0.00784326 0.804743
0 0 0 0 -0.642842 -0.00784326 0.804743
0 0 0 0 -0.642842 -3.05185e-005 0.820368
0 0 0 0 -0.642842 -3.05185e-005 0.820368
0 0 0 0 -0.658711 -3.05185e-005 0.820368
0 0 0 0 -0.658711 0.0317392 0.835994
0 0 0 0 -0.658711 0.0317392 0.835994
0 0 0 0 -0.658711 0.0317392 0.835994
0 0 0 0 -0.658711 0.0317392 0.835994
0 0 0 0 -0.658711 0.0872829 0.835994
0 0 0 0 -0.658711 0.119022 0.851619
0 0 0 0 -0.658711 0.119022 0.851619
0 0 0 0 -0.658711 0.119022 0.851619
0 0 0 0 -0.658711 0.119022 0.851619
0 0 0 -0.00784326 -0.690451 0.150792 0.867244
0 0 0 -0.00784326 -0.690451 0.150792 0.867244
0 0 0 -0.00784326 -0.690451 0.150792 0.867244
0 0 0 -0.00784326 -0.690451 0.150792 0.867244
0 0 0 -0.00784326 -0.690451 0.150792 0.867244
0 0 0 -0.00784326 -0.698386 0.158727 0.88287
0 0 0 -0.00784326 -0.698386 0.158727 0.88287
0 0 0 -0.00784326 -0.698386 0.158727 0.88287
0 0 0 -0.00784326 -0.698386 0.158727 0.88287
0 0 0 -0.00784326 -0.698386 0.158727 0.88287
0 0 0 -0.015656 -0.698386 0.190466 0.898495
0 0 0 -0.015656 -0.698386 0.190466 0.898495
0 0 0 -0.015656 -0.698386 0.190466 0.898495
0 0 0 -0.015656 -0.698386 0.190466 0.898495
0 0 0 -0.015656 -0.698386 0.190466 0.898495
0 0 0 -0.015656 -0.698386 0.293649 0.898495
0 0 0 -0.015656 -0.698386 0.293649 0.898495
0 0 0 -0.015656 -0.698386 0.293649 0.898495
0 0 0 -0.015656 -0.698386 0.293649 0.898495
0 0 0 -0.015656 -0.698386 0.293649 0.898495
0 0 0 -0.0312815 -0.698386 0.341258 0.898495
0 0 0 -0.0312815 -0.698386 0.341258 0.898495
0 0 0 -0.0312815 -0.698386 0.341258 0.898495
0 0 0 -0.0312815 -0.698386 0.341258 0.898495
0 0 0 -0.0312815 -0.698386 0.341258 0.898495
0 0 0 -0.0625324 -0.698386 0.428571 0.898495
0 0 0 -0.0625324 -0.698386 0.428571 0.898495
0 0 0 -0.0625324 -0.698386 0.428571 0.898495
0 0 0 -0.0625324 -0.698386 0.428571 0.898495
0 0 0 -0.0625324 -0.698386 0.428571 0.898495
0 0 0 -0.132847 -0.698386 0.523789 0.898495
0 0 0 -0.132847 -0.698386 0.523789 0.898495
0 0 0 -0.132847 -0.698386 0.523789 0.898495
0 0 0 -0.132847 -0.698386 0.523789 0.898495
0 0 0 -0.132847 -0.698386 0.555528 0.898495
0 0 0 -0.132847 -0.698386 0.587298 0.898495
0 0 0 -0.132847 -0.698386 0.587298 0.898495
0 0 0 -0.132847 -0.698386 0.587298 0.898495
0 0 0 -0.132847 -0.698386 0.587298 0.898495
0 0 0 -0.132847 -0.698386 0.587298 0.898495
0 0 0 -0.218787 -0.698386 0.619037 0.898495
0 0 0 -0.218787 -0.698386 0.619037 0.898495
0 0 0 -0.234413 -0.698386 0.626972 0.898495
0 0 0 -0.234413 -0.698386 0.626972 0.898495
0 0 0 -0.234413 -0.698386 0.626972 0.898495
0 0 0 -0.273476 -0.698386 0.626972 0.898495
0 0 0 -0.273476 -0.698386 0.626972 0.898495
0 0 0 -0.273476 -0.698386 0.626972 0.898495
0 0 0 -0.289102 -0.714286 0.642842 0.898495
0 0 0 -0.289102 -0.714286 0.642842 0.898495
0 0 0 -0.304727 -0.714286 0.690451 0.898495
0 0 0 -0.304727 -0.714286 0.690451 0.898495
0 0 0 -0.304727 -0.714286 0.690451 0.898495
0 0 0 -0.304727 -0.714286 0.690451 0.898495
0 0 0 -0.304727 -0.714286 0.690451 0.898495
0 0 0 -0.304727 -0.714286 0.70632 0.898495
0 0 0 -0.320353 -0.714286 0.730155 0.867244
0 0 0 -0.320353 -0.714286 0.730155 0.867244
0 0 0 -0.320353 -0.714286 0.730155 0.867244
0 0 0 -0.320353 -0.714286 0.730155 0.867244
0 0 0 -0.359416 -0.714286 0.761895 0.835994
0 0 0 -0.359416 -0.714286 0.761895 0.835994
0 0 0 -0.359416 -0.714286 0.761895 0.835994
0 0 0 -0.359416 -0.714286 0.761895 0.835994
0 0 0 -0.359416 -0.714286 0.761895 0.835994
0 0 0 -0.460982 -0.714286 0.777764 0.835994
0 0 0 -0.460982 -0.714286 0.777764 0.835994
0 0 0 -0.460982 -0.714286 0.777764 0.835994
0 0 0 -0.460982 -0.714286 0.777764 0.835994
0 0 0 -0.460982 -0.714286 0.777764 0.835994
0 0 0 -0.546922 -0.714286 0.777764 0.835994
0 0 0 -0.546922 -0.714286 0.777764 0.835994
0 0 0 -0.546922 -0.714286 0.777764 0.835994
0 0 0 -0.546922 -0.714286 0.777764 0.835994
0 0 0 -0.546922 -0.714286 0.777764 0.835994
0 0 0 -0.632862 -0.730155 0.793634 0.820368
0 0 0 -0.632862 -0.730155 0.793634 0.820368
0 0 0 -0.632862 -0.730155 0.793634 0.820368
0 0 0 -0.632862 -0.730155 0.793634 0.820368
0 0 0 -0.632862 -0.730155 0.793634 0.820368
0 0 0 -0.718802 -0.730155 0.809503 0.820368
0 0 0 -0.718802 -0.730155 0.809503 0.820368
0 0 0 -0.718802 -0.730155 0.809503 0.820368
0 0 0 -0.718802 -0.730155 0.809503 0.820368
0 0 0 -0.718802 -0.730155 0.809503 0.820368
0 0 0 -0.734428 -0.746025 0.809503 0.820368
0 0 0 -0.734428 -0.746025 0.809503 0.820368
0 0 0 -0.734428 -0.746025 0.809503 0.820368
0 0 0 -0.734428 -0.746025 0.809503 0.820368
0 0 0 -0.734428 -0.746025 0.809503 0.820368
0 0 0 -0.750053 -0.746025 0.817438 0.820368
0 0 0 -0.750053 -0.746025 0.817438 0.820368
0 0 0 -0.750053 -0.746025 0.817438 0.820368
0 0 0 -0.750053 -0.746025 0.817438 0.820368
0 0 0 -0.750053 -0.746025 0.817438 0.820368
0 0 0 -0.750053 -0.746025 0.873012 0.820368
0 0 0 -0.750053 -0.746025 0.873012 0.820368
0 0 0 -0.750053 -0.746025 0.873012 0.820368
0 0 0 -0.750053 -0.746025 0.873012 0.820368
0 0 0 -0.750053 -0.746025 0.873012 0.820368
0 0 0 -0.773492 -0.746025 0.904752 0.820368
0 0 0 -0.773492 -0.746025 0.904752 0.820368
0 0 0 -0.773492 -0.746025 0.904752 0.820368
0 0 0 -0.789117 -0.746025 0.904752 0.820368
0 0 0 -0.789117 -0.746025 0.904752 0.820368
0 0 0 -0.789117 -0.75396 0.920621 0.820368
0 0 0 -0.789117 -0.75396 0.920621 0.820368
0 0 0 -0.789117 -0.75396 0.920621 0.820368
0 0 0 -0.789117 -0.75396 0.920621 0.820368
0 0 0 -0.804743 -0.75396 0.920621 0.820368
0 0 0 -0.804743 -0.75396 0.936491 0.820368
0 0 0 -0.820368 -0.75396 0.952361 0.820368
0 0 0 -0.820368 -0.75396 0.952361 0.820368
0 0 0 -0.820368 -0.75396 0.952361 0.820368
0 0 0 -0.820368 -0.75396 0.952361 0.820368
0 0 0 -0.835994 -0.75396 0.952361 0.820368
0 0 0 -0.835994 -0.75396 0.952361 0.820368
0 0 0 -0.835994 -0.75396 0.96823 0.820368
0 0 0 -0.835994 -0.75396 0.96823 0.820368
0 0 0 -0.835994 -0.75396 0.96823 0.820368
0 0 0 -0.859432 -0.75396 0.96823 0.820368
0 0 0 -0.859432 -0.75396 0.96823 0.820368
0 0 0 -0.875057 -0.75396 0.976165 0.820368
0 0 0 -0.875057 -0.75396 0.976165 0.820368
0 0 0 -0.875057 -0.75396 0.976165 0.820368
0 0 0 -0.906308 -0.75396 1 0.820368
0 0 0 -0.906308 -0.75396 1 0.820368
0 0 0 -0.906308 -0.75396 1 0.820368
0 0 0 -0.906308 -0.75396 1 0.820368
0 0 0 -0.906308 -0.75396 1 0.820368
0 0 0 -0.921934 -0.75396 1 0.820368
0 0 0 -0.945372 -0.75396 1 0.820368
0 0 0 -0.945372 -0.75396 1 0.820368
0 0 0 -0.945372 -0.75396 1 0.820368
0 0 0 -0.945372 -0.75396 1 0.820368
0 0 0 -1.00003 -0.75396 1 0.804743
0 0 0 -1.00003 -0.75396 1 0.804743
0 0 0 -1.00003 -0.75396 1 0.804743
0 0 0 -1.00003 -0.75396 1 0.804743
0 0 0 -1.00003 -0.75396 1 0.804743
0 0 0 -1.00003 -0.714286 1 0.804743
0 0 0 -1.00003 -0.714286 1 0.804743
0 0 0 -1.00003 -0.714286 1 0.804743
0 0 0 -1.00003 -0.714286 1 0.804743
0 0 0 -1.00003 -0.714286 1 0.804743
0 0 0 -1.00003 -0.642842 1 0.804743
0 0 0 -1.00003 -0.642842 1 0.804743
0 0 0 -1.00003 -0.642842 1 0.804743
0 0 0 -1.00003 -0.642842 1 0.804743
0 0 0 -1.00003 -0.642842 1 0.804743
0 0 0 -1.00003 -0.634907 1 0.773492
0 0 0 -1.00003 -0.634907 1 0.773492
0 0 0 -1.00003 -0.634907 1 0.773492
0 0 0 -1.00003 -0.634907 1 0.773492
0 0 0 -1.00003 -0.634907 1 0.773492
0 0 0 -1.00003 -0.603168 1 0.773492
0 0 0 -1.00003 -0.603168 1 0.773492
0 0 0 -1.00003 -0.603168 1 0.773492
0 0 0 -1.00003 -0.603168 1 0.773492
0 0 0 -1.00003 -0.603168 1 0.773492
0 0 0 -1.00003 -0.531724 1 0.773492
0 0 0 -1.00003 -0.531724 1 0.773492
0 0 0 -1.00003 -0.531724 1 0.773492
0 0 0 -1.00003 -0.531724 1 0.773492
0 0 0 -1.00003 -0.531724 1 0.773492
0 0 0 -1.00003 -0.460311 1 0.71099
0 0 0 -1.00003 -0.460311 1 0.71099
0 0 0 -1.00003 -0.460311 1 0.71099
0 0 0 -1.00003 -0.460311 1 0.71099
0 0 0 -1.00003 -0.460311 1 0.71099
0 0 0 -1.00003 -0.396802 1 0.648488
0 0 0 -1.00003 -0.396802 1 0.648488
0 0 0 -1.00003 -0.396802 1 0.648488
0 0 0 -1.00003 -0.396802 1 0.648488
0 0 0 -1.00003 -0.396802 1 0.648488
0 0 0 -1.00003 -0.349193 1 0.57036
0 0 0 -1.00003 -0.349193 1 0.57036
0 0 0 -1.00003 -0.349193 1 0.57036
0 0 0 -1.00003 -0.349193 1 0.57036
0 0 0 -1.00003 -0.349193 1 0.57036
0 0 0 -0.945372 -0.277749 1 0.48442
0 0 0 -0.945372 -0.277749 1 0.48442
0 0 0 -0.945372 -0.277749 1 0.48442
0 0 0 -0.945372 -0.277749 1 0.48442
0 0 0 -0.945372 -0.277749 1 0.48442
0 0 0 -0.945372 -0.222205 1 0.375042
0 0 0 -0.945372 -0.222205 1 0.375042
0 0 0 -0.945372 -0.222205 1 0.375042
0 0 0 -0.945372 -0.21427 1 0.31254
0 0 0 -0.945372 -0.21427 1 0.31254
0 0 0 -0.921934 -0.182531 1 0.265664
0 0 0 -0.921934 -0.182531 1 0.265664
0 0 0 -0.921934 -0.182531 1 0.265664
0 0 0 -0.906308 -0.142857 1 0.250038
0 0 0 -0.906308 -0.142857 1 0.250038
0 0 0 -0.906308 -0.0952177 1 0.218787
0 0 0 -0.906308 -0.0952177 1 0.218787
0 0 0 -0.906308 -0.0952177 1 0.218787
0 0 0 -0.890683 -0.0555437 1 0.187536
0 0 0 -0.890683 -0.0555437 1 0.187536
0 0 0 -0.875057 -0.0158696 1 0.14066
0 0 0 -0.859432 3.05185e-005 1 0.125034
0 0 0 -0.859432 3.05185e-005 1 0.125034
0 0 0 -0.859432 3.05185e-005 1 0.125034
0 0 0 -0.859432 3.05185e-005 1 0.125034
0 0 0 -0.789117 3.05185e-005 1 0.0781579
0 0 0 -0.789117 3.05185e-005 1 0.0781579
0 0 0 -0.750053 0.00784326 1 0.0312815
0 0 0 -0.750053 0.00784326 1 0.0312815
0 0 0 -0.750053 0.00784326 1 0.0312815
0 0 0 -0.703177 0.0781579 1 0.00784326
0 0 0 -0.703177 0.0781579 1 0.00784326
0 0 0 -0.703177 0.0781579 1 0.00784326
0 0 0 -0.703177 0.0781579 1 0.00784326
0 0 0 -0.703177 0.0781579 1 0.00784326
0 0 0 -0.687551 0.0937834 1 3.05185e-005
0 0 0 -0.664113 0.132847 1 3.05185e-005
0 0 0 -0.664113 0.132847 1 3.05185e-005
0 0 0 -0.664113 0.132847 1 3.05185e-005
0 0 0 -0.664113 0.132847 1 3.05185e-005
0 0 0 -0.648488 0.164098 1 3.05185e-005
0 0 0 -0.648488 0.164098 1 3.05185e-005
0 0 0 -0.648488 0.164098 1 3.05185e-005
0 0 0 -0.648488 0.164098 1 3.05185e-005
0 0 0 -0.648488 0.164098 1 3.05185e-005
0 0 0 -0.632862 0.195349 1 -0.00793481
0 0 0 -0.632862 0.195349 1 -0.00793481
0 0 0 -0.632862 0.195349 1 -0.00793481
0 0 0 -0.632862 0.195349 1 -0.00793481
0 0 0 -0.632862 0.195349 1 -0.00793481
0 0 0 -0.617237 0.218787 1 -0.0634785
0 0 0 -0.617237 0.218787 1 -0.0634785
0 0 0 -0.617237 0.218787 1 -0.0634785
0 0 0 -0.617237 0.218787 1 -0.0634785
0 0 0 -0.617237 0.218787 1 -0.0634785
0 0 0 -0.578173 0.234413 1 -0.0793481
0 0 0 -0.578173 0.234413 1 -0.0793481
0 0 0 -0.578173 0.234413 1 -0.0793481
0 0 0 -0.578173 0.234413 1 -0.0793481
0 0 0 -0.578173 0.234413 1 -0.0793481
0 0 0 -0.531297 0.250038 1 -0.0793481
0 0 0 -0.531297 0.250038 1 -0.0793481
0 0 0 -0.531297 0.250038 1 -0.0793481
0 0 0 -0.531297 0.250038 1 -0.0793481
0 0 0 -0.531297 0.250038 1 -0.0793481
0 0 0 -0.460982 0.250038 1 -0.0872829
0 0 0 -0.460982 0.250038 1 -0.0872829
0 0 0 -0.460982 0.250038 1 -0.0872829
0 0 0 -0.460982 0.250038 1 -0.0872829
0 0 0 -0.460982 0.250038 1 -0.0872829
0 0 0 -0.375042 0.281289 1 -0.111087
0 0 0 -0.375042 0.281289 1 -0.111087
0 0 0 -0.375042 0.281289 1 -0.111087
0 0 0 -0.375042 0.281289 1 -0.111087
0 0 0 -0.375042 0.281289 1 -0.111087
0 0 0 -0.320353 0.31254 0.920621 -0.111087
0 0 0 -0.320353 0.31254 0.920621 -0.111087
0 0 0 -0.320353 0.31254 0.920621 -0.111087
0 0 0 -0.320353 0.31254 0.920621 -0.111087
0 0 0 -0.320353 0.31254 0.920621 -0.111087
0 0 0 -0.289102 0.335978 0.880947 -0.142857
0 0 0 -0.289102 0.335978 0.880947 -0.142857
0 0 0 -0.289102 0.335978 0.880947 -0.142857
0 0 0 -0.289102 0.335978 0.880947 -0.142857
0 0 0 -0.289102 0.335978 0.880947 -0.142857
0 0 0 -0.257851 0.351604 0.793634 -0.158727
0 0 0 -0.257851 0.351604 0.793634 -0.158727
0 0 0 -0.257851 0.351604 0.793634 -0.158727
0 0 0 -0.257851 0.351604 0.793634 -0.158727
0 0 0 -0.257851 0.351604 0.793634 -0.158727
0 0 0 -0.234413 0.351604 0.746025 -0.174596
0 0 0 -0.234413 0.351604 0.746025 -0.174596
0 0 0 -0.234413 0.351604 0.746025 -0.174596
0 0 0 -0.234413 0.351604 0.746025 -0.174596
0 0 0 -0.234413 0.351604 0.730155 -0.174596
0 0 0 -0.218787 0.351604 0.730155 -0.198401
0 0 0 -0.218787 0.351604 0.730155 -0.198401
0 0 0 -0.218787 0.351604 0.730155 -0.198401
0 0 0 -0.218787 0.351604 0.730155 -0.198401
0 0 0 -0.218787 0.351604 0.730155 -0.198401
0 0 0 -0.171911 0.351604 0.674581 -0.238075
0 0 0 -0.171911 0.351604 0.674581 -0.238075
0 0 0 -0.171911 0.351604 0.674581 -0.238075
0 0 0 -0.171911 0.351604 0.674581 -0.238075
0 0 0 -0.171911 0.351604 0.674581 -0.238075
0 0 0 -0.148473 0.351604 0.626972 -0.269814
0 0 0 -0.148473 0.351604 0.603168 -0.277749
0 0 0 -0.148473 0.351604 0.603168 -0.277749
0 0 0 -0.148473 0.351604 0.603168 -0.277749
0 0 0 -0.148473 0.351604 0.603168 -0.277749
0 0 0 -0.117222 0.351604 0.499985 -0.277749
0 0 0 -0.117222 0.351604 0.499985 -0.277749
0 0 0 -0.117222 0.351604 0.499985 -0.277749
0 0 0 -0.117222 0.351604 0.499985 -0.277749
0 0 0 -0.117222 0.351604 0.499985 -0.277749
0 0 0 -0.101596 0.351604 0.412671 -0.317454
0 0 0 -0.101596 0.351604 0.412671 -0.317454
0 0 0 -0.101596 0.351604 0.412671 -0.317454
0 0 0 -0.101596 0.351604 0.412671 -0.317454
0 0 0 -0.101596 0.351604 0.412671 -0.317454
0 0 0 -0.0859706 0.351604 0.349193 -0.349193
0 0 0 -0.0859706 0.351604 0.349193 -0.349193
0 0 0 -0.0859706 0.351604 0.349193 -0.349193
0 0 0 -0.0859706 0.351604 0.349193 -0.349193
0 0 0 -0.0859706 0.351604 0.349193 -0.349193
0 0 0 -0.0859706 0.351604 0.325388 -0.349193
0 0 0 -0.0859706 0.351604 0.325388 -0.349193
0 0 0 -0.0859706 0.351604 0.325388 -0.349193
0 0 0 -0.0859706 0.351604 0.325388 -0.349193
0 0 0 -0.0859706 0.351604 0.325388 -0.349193
0 0 0 -0.0859706 0.351604 0.277749 -0.365062
0 0 0 -0.0859706 0.351604 0.277749 -0.365062
0 0 0 -0.0859706 0.351604 0.277749 -0.365062
0 0 0 -0.0859706 0.351604 0.277749 -0.365062
0 0 0 -0.0859706 0.351604 0.277749 -0.365062
0 0 0 -0.0625324 0.351604 0.206336 -0.365062
0 0 0 -0.0625324 0.351604 0.206336 -0.365062
0 0 0 -0.0625324 0.351604 0.206336 -0.365062
0 0 0 -0.0625324 0.351604 0.206336 -0.365062
0 0 0 -0.0625324 0.351604 0.206336 -0.365062
0 0 0 -0.0312815 0.351604 0.150792 -0.365062
0 0 0 -0.0312815 0.351604 0.150792 -0.365062
0 0 0 -0.0312815 0.351604 0.150792 -0.365062
0 0 0 -0.0312815 0.351604 0.150792 -0.365062
0 0 0 -0.0312815 0.351604 0.150792 -0.365062
0 0 0 -0.00784326 0.335978 0.134892 -0.365062
0 0 0 -0.00784326 0.335978 0.134892 -0.365062
0 0 0 -0.00784326 0.335978 0.134892 -0.365062
0 0 0 -0.00784326 0.335978 0.134892 -0.365062
0 0 0 -0.00784326 0.335978 0.134892 -0.365062
0 0 0 -0.00784326 0.296915 0.0872829 -0.365062
0 0 0 -0.00784326 0.296915 0.0872829 -0.365062
0 0 0 -0.00784326 0.296915 0.0872829 -0.365062
0 0 0 -0.00784326 0.296915 0.0872829 -0.365062
0 0 0 -0.00784326 0.296915 0.0872829 -0.365062
0 0 0 -0.00784326 0.296915 0 -0.372997
0 0 0 -0.00784326 0.296915 0 -0.372997
0 0 0 -0.00784326 0.296915 0 -0.372997
0 0 0 -0.00784326 0.296915 0 -0.372997
0 0 0 -0.00784326 0.296915 0 -0.372997
0 0 0 -3.05185e-005 0.296915 0 -0.372997
0 0 0 -3.05185e-005 0.296915 0 -0.372997
0 0 0 -3.05185e-005 0.296915 0 -0.372997
0 0 0 -3.05185e-005 0.296915 0 -0.388867
0 0 0 -3.05185e-005 0.296915 0 -0.388867
0 0 0 -3.05185e-005 0.296915 0 -0.388867
0 0 0 -3.05185e-005 0.296915 0 -0.388867
0 0 0 -3.05185e-005 0.296915 0 -0.388867
0 0 0 -3.05185e-005 0.296915 0 -0.404736
0 0 0 -3.05185e-005 0.296915 0 -0.404736
0 0 0 -3.05185e-005 0.296915 0 -0.404736
0 0 0 -3.05185e-005 0.296915 -0.00784326 -0.404736
0 0 0 -3.05185e-005 0.296915 -0.00784326 -0.404736
0 0 0 -3.05185e-005 0.296915 -0.00784326 -0.404736
0 0 0 -3.05185e-005 0.296915 -0.00784326 -0.404736
0 0 0 -3.05185e-005 0.296915 -0.00784326 -0.404736
0 0 0 -3.05185e-005 0.296915 -0.00784326 -0.404736
0 0 0 -3.05185e-005 0.296915 -0.00784326 -0.404736
0 0 0 -3.05185e-005 0.296915 -0.00784326 -0.404736
0 0 0 -3.05185e-005 0.296915 -0.00784326 -0.404736
0 0 0 -3.05185e-005 0.296915 -0.00784326 -0.404736
0 0 0 -3.05185e-005 0.296915 -0.00784326 -0.404736
0 0 0 -3.05185e-005 0.296915 -0.00784326 -0.404736
0 0 0 -3.05185e-005 0.296915 -0.00784326 -0.404736
0 0 0 -3.05185e-005 0.296915 -0.00784326 -0.404736
0 0 0 -3.05185e-005 0.296915 -0.015656 -0.404736
0 0 0 -3.05185e-005 0.281289 -0.0390942 -0.412671
0 0 0 -3.05185e-005 0.281289 -0.0390942 -0.412671
0 0 0 -3.05185e-005 0.281289 -0.0390942 -0.412671
0 0 0 -3.05185e-005 0.281289 -0.0390942 -0.412671
