0 0 0 0 0.00784326 0.00793481 0
0 0 0 0 0.00784326 0.00793481 0
0 0 0 0 0.00784326 0.00793481 0
0 0 0 0 0.00784326 0.00793481 0
0 0 0 0 0.00784326 0.00793481 0
0 0 0 0 0.00784326 0.00793481 0
0 0 0 0 0.00784326 0.00793481 0
0 0 0 0 0.00784326 0.00793481 0
0 0 0 0 0.00784326 0.00793481 0
0 0 0 0 0.00784326 0.00793481 0
0 0 0 0 0.00784326 0.00793481 0
0 0 0 0 0.00784326 0.00793481 0
0 0 0 0 0.00784326 0.00793481 0
0 0 0 0 0.00784326 0.00793481 0
0 0 0 0 0.00784326 0.00793481 0
0 0 0 0 0.00784326 0.00793481 0
0 0 0 0 0.00784326 0.00793481 0
0 0 0 0 0.00784326 0.00793481 0
0 0 0 0 0.00784326 0.00793481 0
0 0 0 0 0.00784326 0.00793481 0
0 0 0 0 0.00784326 0.00793481 0
0 0 0 0 0.00784326 0.00793481 0
0 0 0 0 0.00784326 0.00793481 0
0 0 0 0 0.00784326 0.00793481 0
0 0 0 0 0.00784326 0.00793481 0
0 0 0 0 0.00784326 0.00793481 0
0 0 0 0 0.00784326 0.00793481 0
0 0 0 0 0.00784326 0.00793481 0
0 0 0 0 0.00784326 0.00793481 0
0 0 0 0 0.00784326 0.00793481 0
0 0 0 0 0.00784326 0.00793481 0
0 0 0 0 0.00784326 0.00793481 0
0 0 0 0 0.00784326 0.00793481 0
0 0 0 0 0.00784326 0.00793481 0
0 0 0 0 0.00784326 0.00793481 0
0 0 0 0 0.00784326 0.00793481 0
0 0 0 0 0.00784326 0.00793481 0
0 0 0 0 0.00784326 0.00793481 0
0 0 0 0 0.00784326 0.00793481 0
0 0 0 0 0.00784326 0.00793481 0
0 0 0 0 0.00784326 0.00793481 0
0 0 0 0 0.00784326 0.00793481 0
0 0 0 0 0.00784326 0.00793481 0
0 0 0 0 0.00784326 0.00793481 0
0 0 0 0 0.00784326 0.00793481 0
0 0 0 0 0.00784326 0.00793481 0
0 0 0 0 0.00784326 0.00793481 0
0 0 0 0 0.00784326 0.00793481 0
0 0 0 0 0.00784326 0.00793481 0
0 0 0 0 0.00784326 0.00793481 0
0 0 0 0 0.00784326 0.00793481 0
0 0 0 0 0.00784326 0.00793481 0
0 0 0 0 0.00784326 0.00793481 0
0 0 0 0 0.00784326 0.00793481 0
0 0 0 0 0.00784326 0.00793481 0
0 0 0 0 0.00784326 0.00793481 0
0 0 0 0 0.00784326 0.00793481 0
0 0 0 0 0.00784326 0.00793481 0
0 0 0 0 0.00784326 0.00793481 0
0 0 0 0 0.00784326 0.00793481 0
0 0 0 0 0.00784326 0.00793481 0
0 0 0 0 0.00784326 0.00793481 0
0 0 0 0 0.00784326 0.00793481 0
0 0 0 0 0.00784326 0.00793481 0
0 0 0 0 0.00784326 0.00793481 0
0 0 0 0 0.00784326 0.00793481 0
0 0 0 0 0.00784326 0.00793481 0
0 0 0 0 0.00784326 0.00793481 0
0 0 0 0 0.00784326 0.00793481 0
0 0 0 0 0.00784326 0.00793481 0
0 0 0 0 0.00784326 0.00793481 0
0 0 0 0 0.00784326 0.00793481 0
0 0 0 0 0.00784326 0.00793481 0
0 0 0 0 0.00784326 0.00793481 0
0 0 0 0 0.00784326 0.00793481 0
0 0 0 0 0.00784326 0.00793481 0
0 0 0 0 0.00784326 0.00793481 0
0 0 0 0 0.00784326 0.00793481 0
0 0 0 0 0.00784326 0.00793481 0
0 0 0 0 0.00784326 0.00793481 0
0 0 0 0 0.00784326 0.00793481 0
0 0 0 0 0.00784326 0.00793481 0
0 0 0 0 0.00784326 0.00793481 0
0 0 0 0 0.00784326 0.00793481 0
0 0 0 0 0.00784326 0.00793481 0
0 0 0 0 0.0469069 0.00793481 0
0 0 0 0 0.0469069 0.00793481 0
0 0 0 0 0.0469069 0.00793481 0
0 0 0 0 0.0469069 0.00793481 0
0 0 0 -0.0234687 0.0937834 0.00793481 0
0 0 0 -0.0234687 0.125034 0.00793481 0
0 0 0 -0.0234687 0.125034 0.00793481 0
0 0 0 -0.0390942 0.187536 0.00793481 0
0 0 0 -0.0390942 0.187536 0.00793481 0
0 0 0 -0.0390942 0.187536 0.00793481 0
0 0 0 -0.0390942 0.218787 0.00793481 0
0 0 0 -0.0390942 0.218787 0.00793481 0
0 0 0 -0.0390942 0.218787 0.00793481 0
0 0 0 -0.0390942 0.218787 0.00793481 0
0 0 0 -0.0547197 0.250038 0.00793481 0
0 0 0 -0.0547197 0.273476 0.00793481 0
0 0 0 -0.0547197 0.273476 0.00793481 0
0 0 0 -0.0547197 0.320353 0.00793481 0
0 0 0 -0.0547197 0.320353 0.00793481 0
0 0 0 -0.0547197 0.320353 0.00793481 0
0 0 0 -0.0703452 0.335978 0.00793481 0
0 0 0 -0.0703452 0.351604 0.00793481 0
0 0 0 -0.0703452 0.351604 0.00793481 0
0 0 0 -0.0703452 0.351604 0.00793481 0
0 0 0 -0.0703452 0.351604 0.00793481 0
0 0 0 -0.0703452 0.382855 0.00793481 0
0 0 0 -0.0703452 0.39848 0.00793481 0
0 0 0 -0.0703452 0.39848 0.00793481 0
0 0 0 -0.0703452 0.39848 0.00793481 0
0 0 0 -0.0703452 0.39848 0.00793481 0
0 0 0 -0.0703452 0.429731 0.00793481 0
0 0 0 -0.0703452 0.429731 0.00793481 0
0 0 0 -0.0703452 0.429731 0.00793481 0
0 0 0 -0.0703452 0.429731 0.00793481 0
0 0 0 -0.0703452 0.429731 0.00793481 0
0 0 0 -0.0703452 0.460982 0.00793481 0
0 0 0 -0.0703452 0.476608 0.00793481 0
0 0 0 -0.0703452 0.476608 0.00793481 0
0 0 0 -0.0703452 0.476608 0.00793481 0
0 0 0 -0.0703452 0.476608 0.00793481 0
0 0 0 -0.0703452 0.500046 0.00793481 0
0 0 0 -0.0703452 0.500046 0.00793481 0
0 0 0 -0.0703452 0.500046 0.00793481 0
0 0 0 -0.0703452 0.500046 0.00793481 0
0 0 0 -0.0703452 0.500046 0.00793481 0
0 0 0 -0.0859706 0.531297 0.00793481 0
0 0 0 -0.0859706 0.531297 0.00793481 0
0 0 0 -0.0859706 0.531297 0.00793481 0
0 0 0 -0.0859706 0.531297 0.00793481 0
0 0 0 -0.0859706 0.531297 0.00793481 0
0 0 0 -0.0859706 0.546922 0.00793481 0
0 0 0 -0.0859706 0.546922 0.00793481 0
0 0 0 -0.0859706 0.546922 0.00793481 0
0 0 0 -0.0859706 0.546922 0.00793481 0
0 0 0 -0.0859706 0.546922 0.00793481 0
0 0 0 -0.0859706 0.593799 0.00793481 0
0 0 0 -0.0859706 0.593799 0.00793481 0
0 0 0 -0.0859706 0.593799 0.00793481 0
0 0 0 -0.0859706 0.593799 0.00793481 0
0 0 0 -0.0859706 0.593799 0.00793481 0
0 0 0 -0.0859706 0.640675 0.00793481 0
0 0 0 -0.0859706 0.640675 0.00793481 0
0 0 0 -0.0859706 0.640675 0.00793481 0
0 0 0 -0.0859706 0.640675 0.00793481 0
0 0 0 -0.0859706 0.640675 0.00793481 0
0 0 0 -0.0859706 0.671926 0.00793481 0
0 0 0 -0.0859706 0.671926 0.00793481 0
0 0 0 -0.0859706 0.671926 0.00793481 0
0 0 0 -0.0859706 0.671926 0.00793481 0
0 0 0 -0.0859706 0.671926 0.00793481 0
0 0 0 -0.0859706 0.734428 0.00793481 0
0 0 0 -0.0859706 0.734428 0.00793481 0
0 0 0 -0.0859706 0.734428 0.00793481 0
0 0 0 -0.0859706 0.734428 0.00793481 0
0 0 0 -0.0859706 0.734428 0.00793481 0
0 0 0 -0.0859706 0.757866 0.00793481 0
0 0 0 -0.0859706 0.757866 0.00793481 0
0 0 0 -0.0859706 0.757866 0.00793481 0
0 0 0 -0.0859706 0.757866 0.00793481 0
0 0 0 -0.0859706 0.757866 0.00793481 0
0 0 0 -0.0859706 0.757866 0.00793481 0
0 0 0 -0.0859706 0.757866 0.00793481 0
0 0 0 -0.0859706 0.757866 0.00793481 0
0 0 0 -0.0859706 0.757866 0.00793481 0
0 0 0 -0.0859706 0.757866 0.00793481 0
0 0 0 -0.0859706 0.773492 0.00793481 0
0 0 0 -0.0859706 0.773492 0.00793481 0
0 0 0 -0.0859706 0.773492 0.00793481 0
0 0 0 -0.0859706 0.773492 0.00793481 0
0 0 0 -0.0859706 0.773492 0.00793481 0
0 0 0 -0.0859706 0.773492 0.00793481 0
0 0 0 -0.0859706 0.773492 0.00793481 0
0 0 0 -0.0859706 0.773492 0.00793481 0
0 0 0 -0.0859706 0.773492 0.00793481 0
0 0 0 -0.0859706 0.773492 0.00793481 0
0 0 0 -0.0859706 0.804743 0.00793481 0
0 0 0 -0.0859706 0.804743 0.00793481 0
0 0 0 -0.0859706 0.804743 0.00793481 0
0 0 0 -0.0859706 0.804743 0.00793481 0
0 0 0 -0.0859706 0.804743 0.00793481 0
0 0 0 -0.101596 0.820368 0.00793481 0
0 0 0 -0.101596 0.820368 0.00793481 0
0 0 0 -0.101596 0.820368 0.00793481 0
0 0 0 -0.101596 0.820368 0.00793481 0
0 0 0 -0.101596 0.820368 0.00793481 0
0 0 0 -0.101596 0.820368 0.00793481 0
0 0 0 -0.101596 0.820368 0.00793481 0
0 0 0 -0.101596 0.820368 0.00793481 0
0 0 0 -0.101596 0.820368 0.00793481 0
0 0 0 -0.101596 0.820368 0.00793481 0
0 0 0 -0.101596 0.820368 0.00793481 0
0 0 0 -0.101596 0.820368 0.00793481 0
0 0 0 -0.101596 0.820368 0.00793481 0
0 0 0 -0.101596 0.820368 0.00793481 0
0 0 0 -0.101596 0.820368 0.00793481 0
0 0 0 -0.101596 0.820368 0.00793481 0
0 0 0 -0.101596 0.820368 0.00793481 0
0 0 0 -0.101596 0.820368 0.00793481 0
0 0 0 -0.101596 0.820368 0.00793481 0
0 0 0 -0.101596 0.820368 0.00793481 0
0 0 0 -0.117222 0.820368 0.00793481 0
0 0 0 -0.117222 0.820368 0.00793481 0
0 0 0 -0.117222 0.820368 0.00793481 0
0 0 0 -0.117222 0.820368 0.00793481 0
0 0 0 -0.117222 0.820368 0.00793481 0
0 0 0 -0.117222 0.820368 0.00793481 0
0 0 0 -0.117222 0.820368 0.00793481 0
0 0 0 -0.117222 0.820368 0.00793481 0
0 0 0 -0.117222 0.820368 0.00793481 0
0 0 0 -0.117222 0.820368 0.00793481 0
0 0 0 -0.117222 0.835994 0.00793481 0
0 0 0 -0.117222 0.835994 0.00793481 0
0 0 0 -0.117222 0.835994 0.00793481 0
0 0 0 -0.117222 0.835994 0.00793481 0
0 0 0 -0.117222 0.835994 0.00793481 0
0 0 0 -0.117222 0.835994 0.00793481 0
0 0 0 -0.117222 0.835994 0.00793481 0
0 0 0 -0.117222 0.835994 0.00793481 0
0 0 0 -0.117222 0.835994 0.00793481 0
0 0 0 -0.117222 0.835994 0.00793481 0
0 0 0 -0.117222 0.835994 0.00793481 0
0 0 0 -0.117222 0.835994 0.00793481 0
0 0 0 -0.117222 0.835994 0.00793481 0
0 0 0 -0.117222 0.835994 0.00793481 0
0 0 0 -0.117222 0.835994 0.00793481 0
0 0 0 -0.117222 0.835994 0.00793481 0
0 0 0 -0.117222 0.835994 0.00793481 0
0 0 0 -0.117222 0.835994 0.00793481 0
0 0 0 -0.117222 0.835994 0.00793481 0
0 0 0 -0.117222 0.835994 0.00793481 0
0 0 0 -0.117222 0.835994 0.00793481 0
0 0 0 -0.117222 0.835994 0.00793481 0
0 0 0 -0.117222 0.835994 0.00793481 0
0 0 0 -0.117222 0.835994 0.00793481 0
0 0 0 -0.117222 0.835994 0.00793481 0
0 0 0 -0.117222 0.835994 0.00793481 0
0 0 0 -0.117222 0.835994 0.00793481 0
0 0 0 -0.117222 0.835994 0.00793481 0
0 0 0 -0.117222 0.835994 0.00793481 0
0 0 0 -0.117222 0.835994 0.00793481 0
0 0 0 -0.117222 0.835994 0.00793481 0
0 0 0 -0.117222 0.835994 0.00793481 0
0 0 0 -0.117222 0.835994 0.00793481 0
0 0 0 -0.117222 0.835994 0.00793481 0
0 0 0 -0.117222 0.835994 0.00793481 0
0 0 0 -0.117222 0.835994 0.00793481 0
0 0 0 -0.117222 0.835994 0.00793481 0
0 0 0 -0.117222 0.835994 0.00793481 0
0 0 0 -0.117222 0.835994 0.00793481 0
0 0 0 -0.117222 0.835994 0.00793481 0
0 0 0 -0.117222 0.851619 0.00793481 0
0 0 0 -0.117222 0.851619 0.00793481 0
0 0 0 -0.117222 0.851619 0.00793481 0
0 0 0 -0.117222 0.851619 0.00793481 0
0 0 0 -0.117222 0.851619 0.00793481 0
0 0 0 -0.117222 0.867244 0.00793481 0
0 0 0 -0.117222 0.867244 0.00793481 0
0 0 0 -0.117222 0.867244 0.00793481 0
0 0 0 -0.117222 0.867244 0.00793481 0
0 0 0 -0.117222 0.867244 0.00793481 0
0 0 0 -0.117222 0.88287 0.00793481 0
0 0 0 -0.117222 0.88287 0.00793481 0
0 0 0 -0.117222 0.88287 0.00793481 0
0 0 0 -0.117222 0.88287 0.00793481 0
0 0 0 -0.117222 0.88287 0.00793481 0
0 0 0 -0.117222 0.898495 0.00793481 0
0 0 0 -0.117222 0.898495 0.00793481 0
0 0 0 -0.117222 0.898495 0.00793481 0
0 0 0 -0.117222 0.898495 0.00793481 0
0 0 0 -0.117222 0.898495 0.00793481 0
0 0 0 -0.117222 0.914121 0.00793481 0
0 0 0 -0.117222 0.914121 0.00793481 0
0 0 0 -0.117222 0.914121 0.00793481 0
0 0 0 -0.117222 0.914121 0.00793481 0
0 0 0 -0.117222 0.914121 0.00793481 0
0 0 0 -0.117222 0.914121 0.00793481 0
0 0 0 -0.117222 0.914121 0.00793481 0
0 0 0 -0.117222 0.914121 0.00793481 0
0 0 0 -0.117222 0.914121 0.00793481 0
0 0 0 -0.117222 0.914121 0.00793481 0
0 0 0 -0.117222 0.914121 0.00793481 0
0 0 0 -0.117222 0.914121 0.00793481 0
0 0 0 -0.117222 0.914121 0.00793481 0
0 0 0 -0.117222 0.914121 0.00793481 0
0 0 0 -0.117222 0.914121 0.00793481 0
0 0 0 -0.117222 0.914121 0.00793481 0
0 0 0 -0.117222 0.914121 0.00793481 0
0 0 0 -0.117222 0.914121 0.00793481 0
0 0 0 -0.117222 0.914121 0.00793481 0
0 0 0 -0.117222 0.914121 0.00793481 0
0 0 0 -0.117222 0.914121 0.00793481 0
0 0 0 -0.117222 0.914121 0.00793481 0
0 0 0 -0.117222 0.914121 0.00793481 0
0 0 0 -0.117222 0.914121 0.00793481 0
0 0 0 -0.117222 0.914121 0.00793481 0
0 0 0 -0.117222 0.914121 0.00793481 0
0 0 0 -0.117222 0.914121 0.00793481 0
0 0 0 -0.117222 0.914121 0.00793481 0
0 0 0 -0.117222 0.914121 0.00793481 0
0 0 0 -0.117222 0.914121 0.00793481 0
0 0 0 -0.117222 0.914121 0.00793481 0
0 0 0 -0.117222 0.914121 0.00793481 0
0 0 0 -0.117222 0.914121 0.00793481 0
0 0 0 -0.117222 0.914121 0.00793481 0
0 0 0 -0.117222 0.914121 0.00793481 0
0 0 0 -0.117222 0.914121 0.00793481 0
0 0 0 -0.117222 0.914121 0.00793481 0
0 0 0 -0.117222 0.914121 0.00793481 0
0 0 0 -0.117222 0.914121 0.00793481 0
0 0 0 -0.117222 0.914121 0.00793481 0
0 0 0 -0.117222 0.914121 0.00793481 0
0 0 0 -0.117222 0.914121 0.00793481 0
0 0 0 -0.117222 0.914121 0.00793481 0
0 0 0 -0.117222 0.914121 0.00793481 0
0 0 0 -0.117222 0.914121 0.00793481 0
0 0 0 -0.117222 0.914121 0.00793481 0
0 0 0 -0.117222 0.914121 0.00793481 0
0 0 0 -0.117222 0.914121 0.00793481 0
0 0 0 -0.117222 0.914121 0.00793481 0
0 0 0 -0.117222 0.914121 0.00793481 0
0 0 0 -0.117222 0.914121 0.00793481 0
0 0 0 -0.117222 0.914121 0.00793481 0
0 0 0 -0.117222 0.914121 0.00793481 0
0 0 0 -0.117222 0.914121 0.00793481 0
0 0 0 -0.117222 0.914121 0.00793481 0
0 0 0 -0.117222 0.914121 0.00793481 0
0 0 0 -0.117222 0.914121 0.00793481 0
0 0 0 -0.117222 0.914121 0.00793481 0
0 0 0 -0.117222 0.914121 0.00793481 0
0 0 0 -0.117222 0.914121 0.00793481 0
0 0 0 -0.117222 0.914121 0.00793481 0
0 0 0 -0.117222 0.914121 0.00793481 0
0 0 0 -0.117222 0.914121 0.00793481 0
0 0 0 -0.117222 0.914121 0.00793481 0
0 0 0 -0.117222 0.914121 0.00793481 0
0 0 0 -0.117222 0.914121 0.00793481 0
0 0 0 -0.117222 0.914121 0.00793481 0
0 0 0 -0.117222 0.914121 0.00793481 0
0 0 0 -0.117222 0.914121 0.00793481 0
0 0 0 -0.117222 0.914121 0.00793481 0
0 0 0 -0.117222 0.914121 0.00793481 0
0 0 0 -0.117222 0.914121 0.00793481 0
0 0 0 -0.117222 0.914121 0.00793481 0
0 0 0 -0.117222 0.914121 0.00793481 0
0 0 0 -0.117222 0.914121 0.00793481 0
0 0 0 -0.117222 0.914121 0.00793481 0
0 0 0 -0.117222 0.914121 0.00793481 0
0 0 0 -0.117222 0.914121 0.00793481 0
0 0 0 -0.117222 0.914121 0.00793481 0
0 0 0 -0.117222 0.914121 0.00793481 0
0 0 0 -0.117222 0.914121 0.00793481 0
0 0 0 -0.117222 0.914121 0.00793481 0
0 0 0 -0.117222 0.914121 0.00793481 0
0 0 0 -0.117222 0.914121 0.00793481 0
0 0 0 -0.117222 0.914121 0.00793481 0
0 0 0 -0.117222 0.914121 0.00793481 0
0 0 0 -0.117222 0.914121 0.00793481 0
0 0 0 -0.117222 0.914121 0.00793481 0
0 0 0 -0.117222 0.914121 0.00793481 0
0 0 0 -0.117222 0.914121 0.00793481 0
0 0 0 -0.117222 0.914121 0.00793481 0
0 0 0 -0.117222 0.914121 0.00793481 0
0 0 0 -0.117222 0.914121 0.00793481 0
0 0 0 -0.117222 0.914121 0.00793481 0
0 0 0 -0.117222 0.914121 0.00793481 0
0 0 0 -0.117222 0.914121 0.00793481 0
0 0 0 -0.117222 0.914121 0.00793481 0
0 0 0 -0.117222 0.914121 0.00793481 0
0 0 0 -0.117222 0.914121 0.00793481 0
0 0 0 -0.117222 0.914121 0.00793481 0
0 0 0 -0.117222 0.914121 0.00793481 0
0 0 0 -0.117222 0.914121 0.00793481 0
0 0 0 -0.117222 0.914121 0.00793481 0
0 0 0 -0.117222 0.914121 0.00793481 0
0 0 0 -0.117222 0.914121 0.00793481 0
0 0 0 -0.117222 0.914121 0.00793481 0
0 0 0 -0.117222 0.914121 0.00793481 0
0 0 0 -0.117222 0.914121 0.00793481 0
0 0 0 -0.117222 0.914121 0.00793481 0
0 0 0 -0.117222 0.914121 0.00793481 0
0 0 0 -0.117222 0.914121 0.00793481 0
0 0 0 -0.117222 0.914121 0.00793481 0
0 0 0 -0.117222 0.914121 0.00793481 0
0 0 0 -0.117222 0.914121 0.00793481 0
0 0 0 -0.117222 0.914121 0.00793481 0
0 0 0 -0.117222 0.914121 0.00793481 0
0 0 0 -0.117222 0.914121 0.00793481 0
0 0 0 -0.117222 0.914121 0.00793481 0
0 0 0 -0.117222 0.914121 0.00793481 0
0 0 0 -0.117222 0.914121 0.00793481 0
0 0 0 -0.117222 0.914121 0.00793481 0
0 0 0 -0.117222 0.914121 0.00793481 0
0 0 0 -0.117222 0.914121 0.00793481 0
0 0 0 -0.117222 0.914121 0.00793481 0
0 0 0 -0.117222 0.914121 0.00793481 0
0 0 0 -0.117222 0.914121 0.00793481 0
0 0 0 -0.117222 0.914121 0.00793481 0
0 0 0 -0.117222 0.914121 0.00793481 0
0 0 0 -0.117222 0.914121 0.00793481 0
0 0 0 -0.117222 0.914121 0.00793481 0
0 0 0 -0.117222 0.914121 0.00793481 0
0 0 0 -0.117222 0.914121 0.00793481 0
0 0 0 -0.117222 0.914121 0.00793481 0
0 0 0 -0.117222 0.914121 0.00793481 0
0 0 0 -0.117222 0.914121 0.00793481 0
0 0 0 -0.117222 0.914121 0.00793481 0
0 0 0 -0.117222 0.914121 0.00793481 0
0 0 0 -0.117222 0.914121 0.00793481 0
0 0 0 -0.117222 0.914121 0.00793481 0
0 0 0 -0.117222 0.914121 0.00793481 0
0 0 0 -0.117222 0.914121 0.00793481 0
0 0 0 -0.117222 0.914121 0.00793481 0
0 0 0 -0.117222 0.914121 0.00793481 0
0 0 0 -0.117222 0.914121 0.00793481 0
0 0 0 -0.117222 0.914121 0.00793481 0
0 0 0 -0.117222 0.914121 0.00793481 0
0 0 0 -0.117222 0.914121 0.00793481 0
0 0 0 -0.117222 0.914121 0.00793481 0
0 0 0 -0.117222 0.914121 0.00793481 0
0 0 0 -0.117222 0.914121 0.00793481 0
0 0 0 -0.117222 0.914121 0.00793481 0
0 0 0 -0.117222 0.914121 0.00793481 0
0 0 0 -0.117222 0.914121 0.00793481 0
0 0 0 -0.117222 0.914121 0.00793481 0
0 0 0 -0.117222 0.914121 0.00793481 0
0 0 0 -0.117222 0.914121 0.00793481 0
0 0 0 -0.117222 0.914121 0.00793481 0
0 0 0 -0.117222 0.914121 0.00793481 0
0 0 0 -0.117222 0.914121 0.00793481 0
0 0 0 -0.117222 0.914121 0.00793481 0
0 0 0 -0.117222 0.914121 0.00793481 0
0 0 0 -0.117222 0.914121 0.00793481 0
0 0 0 -0.117222 0.914121 0.00793481 0
0 0 0 -0.117222 0.914121 0.00793481 0
0 0 0 -0.117222 0.914121 0.00793481 0
0 0 0 -0.117222 0.914121 0.00793481 0
0 0 0 -0.117222 0.914121 0.00793481 0
0 0 0 -0.117222 0.914121 0.00793481 0
0 0 0 -0.117222 0.914121 0.00793481 0
0 0 0 -0.117222 0.914121 0.00793481 0
0 0 0 -0.117222 0.914121 0.00793481 0
0 0 0 -0.117222 0.914121 0.00793481 0
0 0 0 -0.117222 0.914121 0.00793481 0
0 0 0 -0.117222 0.914121 0.00793481 0
0 0 0 -0.117222 0.914121 0.00793481 0
0 0 0 -0.117222 0.914121 0.00793481 0
0 0 0 -0.117222 0.914121 0.00793481 0
0 0 0 -0.117222 0.914121 0.00793481 0
0 0 0 -0.117222 0.914121 0.00793481 0
0 0 0 -0.117222 0.914121 0.00793481 0
0 0 0 -0.117222 0.914121 0.00793481 0
0 0 0 -0.117222 0.914121 0.00793481 0
0 0 0 -0.117222 0.914121 0.00793481 0
0 0 0 -0.117222 0.914121 0.00793481 0
0 0 0 -0.117222 0.914121 0.00793481 0
0 0 0 -0.117222 0.914121 0.00793481 0
0 0 0 -0.117222 0.914121 0.00793481 0
0 0 0 -0.117222 0.914121 0.00793481 0
0 0 0 -0.117222 0.914121 0.00793481 0
0 0 0 -0.117222 0.914121 0.00793481 0
0 0 0 -0.117222 0.914121 0.00793481 0
0 0 0 -0.117222 0.914121 0.00793481 0
0 0 0 -0.117222 0.914121 0.00793481 0
0 0 0 -0.117222 0.914121 0.00793481 0
0 0 0 -0.117222 0.914121 0.00793481 0
0 0 0 -0.117222 0.914121 0.00793481 0
0 0 0 -0.117222 0.914121 0.00793481 0
0 0 0 -0.117222 0.914121 0.00793481 0
0 0 0 -0.117222 0.914121 0.00793481 0
0 0 0 -0.117222 0.914121 0.00793481 0
0 0 0 -0.117222 0.914121 0.00793481 0
0 0 0 -0.117222 0.914121 0.00793481 0
0 0 0 -0.117222 0.914121 0.00793481 0
0 0 0 -0.117222 0.914121 0.00793481 0
0 0 0 -0.117222 0.914121 0.00793481 0
0 0 0 -0.117222 0.914121 0.00793481 0
0 0 0 -0.117222 0.914121 0.00793481 0
0 0 0 -0.117222 0.914121 0.00793481 0
0 0 0 -0.117222 0.914121 0.00793481 0
0 0 0 -0.117222 0.914121 0.00793481 0
0 0 0 -0.117222 0.914121 0.00793481 0
0 0 0 -0.117222 0.914121 0.00793481 0
0 0 0 -0.117222 0.914121 0.00793481 0
0 0 0 -0.117222 0.914121 0.00793481 0
0 0 0 -0.117222 0.914121 0.00793481 0
0 0 0 -0.117222 0.914121 0.00793481 0
0 0 0 -0.117222 0.914121 0.00793481 0
0 0 0 -0.117222 0.914121 0.00793481 0
0 0 0 -0.117222 0.914121 0.00793481 0
0 0 0 -0.117222 0.914121 0.00793481 0
0 0 0 -0.117222 0.914121 0.00793481 0
0 0 0 -0.117222 0.914121 0.00793481 0
0 0 0 -0.117222 0.914121 0.00793481 0
0 0 0 -0.117222 0.914121 0.00793481 0
0 0 0 -0.117222 0.914121 0.00793481 0
0 0 0 -0.117222 0.914121 0.00793481 0
0 0 0 -0.117222 0.914121 0.00793481 0
0 0 0 -0.117222 0.914121 0.00793481 0
0 0 0 -0.117222 0.914121 0.00793481 0
0 0 0 -0.117222 0.914121 0.00793481 0
0 0 0 -0.117222 0.914121 0.00793481 0
0 0 0 -0.117222 0.914121 0.00793481 0
0 0 0 -0.117222 0.914121 0.00793481 0
0 0 0 -0.117222 0.914121 0.00793481 0
0 0 0 -0.117222 0.914121 0.00793481 0
0 0 0 -0.117222 0.914121 0.00793481 0
0 0 0 -0.117222 0.914121 0.00793481 0
0 0 0 -0.117222 0.914121 0.00793481 0
0 0 0 -0.117222 0.914121 0.00793481 0
0 0 0 -0.117222 0.914121 0.00793481 0
0 0 0 -0.117222 0.914121 0.00793481 0
0 0 0 -0.117222 0.914121 0.00793481 0
0 0 0 -0.117222 0.914121 0.00793481 0
0 0 0 -0.117222 0.914121 0.00793481 0
0 0 0 -0.117222 0.914121 0.00793481 0
0 0 0 -0.117222 0.914121 0.00793481 0
0 0 0 -0.117222 0.914121 0.00793481 0
0 0 0 -0.117222 0.914121 0.00793481 0
0 0 0 -0.117222 0.914121 0.00793481 0
0 0 0 -0.117222 0.914121 0.00793481 0
0 0 0 -0.117222 0.914121 0.00793481 0
0 0 0 -0.117222 0.914121 0.00793481 0
0 0 0 -0.117222 0.914121 0.00793481 0
0 0 0 -0.117222 0.914121 0.00793481 0
0 0 0 -0.117222 0.914121 0.00793481 0
0 0 0 -0.117222 0.914121 0.00793481 0
0 0 0 -0.117222 0.914121 0.00793481 0
0 0 0 -0.117222 0.914121 0.00793481 0
0 0 0 -0.117222 0.914121 0.00793481 0
0 0 0 -0.117222 0.914121 0.00793481 0
0 0 0 -0.117222 0.914121 0.00793481 0
0 0 0 -0.117222 0.914121 0.00793481 0
0 0 0 -0.117222 0.914121 0.00793481 0
0 0 0 -0.117222 0.914121 0.00793481 0
0 0 0 -0.117222 0.914121 0.00793481 0
0 0 0 -0.117222 0.914121 0.00793481 0
0 0 0 -0.117222 0.914121 0.00793481 0
0 0 0 -0.117222 0.914121 0.00793481 0
0 0 0 -0.117222 0.914121 0.00793481 0
0 0 0 -0.117222 0.914121 0.00793481 0
0 0 0 -0.117222 0.914121 0.00793481 0
0 0 0 -0.117222 0.914121 0.00793481 0
0 0 0 -0.117222 0.914121 0.00793481 0
0 0 0 -0.117222 0.914121 0.00793481 0
0 0 0 -0.117222 0.914121 0.00793481 0
0 0 0 -0.117222 0.914121 0.00793481 0
0 0 0 -0.117222 0.914121 0.00793481 0
0 0 0 -0.117222 0.914121 0.00793481 0
0 0 0 -0.117222 0.914121 0.00793481 0
0 0 0 -0.117222 0.914121 0.00793481 0
0 0 0 -0.117222 0.914121 0.00793481 0
0 0 0 -0.117222 0.914121 0.00793481 0
0 0 0 -0.117222 0.914121 0.00793481 0
0 0 0 -0.117222 0.914121 0.00793481 0
0 0 0 -0.117222 0.914121 0.00793481 0
0 0 0 -0.117222 0.914121 0.00793481 0
0 0 0 -0.117222 0.914121 0.00793481 0
0 0 0 -0.117222 0.914121 0.00793481 0
0 0 0 -0.117222 0.914121 0.00793481 0
0 0 0 -0.117222 0.914121 0.00793481 0
0 0 0 -0.117222 0.851619 0.00793481 0
0 0 0 -0.117222 0.851619 0.00793481 0
0 0 0 -0.117222 0.851619 0.00793481 0
0 0 0 -0.117222 0.851619 0.00793481 0
0 0 0 -0.117222 0.851619 0.00793481 0
0 0 0 -0.117222 0.835994 0.00793481 0
0 0 0 -0.117222 0.835994 0.00793481 0
0 0 0 -0.117222 0.835994 0.00793481 0
0 0 0 -0.117222 0.835994 0.00793481 0
0 0 0 -0.117222 0.835994 0.00793481 0
0 0 0 -0.117222 0.820368 0.00793481 0
0 0 0 -0.117222 0.820368 0.00793481 0
0 0 0 -0.117222 0.820368 0.00793481 0
0 0 0 -0.117222 0.820368 0.00793481 0
0 0 0 -0.117222 0.820368 0.00793481 0
0 0 0 -0.117222 0.820368 0.00793481 0
0 0 0 -0.117222 0.804743 0.00793481 0
0 0 0 -0.117222 0.804743 0.00793481 0
0 0 0 -0.117222 0.804743 0.00793481 0
0 0 0 -0.117222 0.804743 0.00793481 0
0 0 0 -0.117222 0.789117 0.00793481 0
0 0 0 -0.117222 0.789117 0.00793481 0
0 0 0 -0.117222 0.789117 0.00793481 0
0 0 0 -0.117222 0.789117 0.00793481 0
0 0 0 -0.117222 0.789117 0.00793481 0
0 0 0 -0.117222 0.773492 0.00793481 0
0 0 0 -0.117222 0.757866 0.00793481 0
0 0 0 -0.117222 0.757866 0.00793481 0
0 0 0 -0.117222 0.757866 0.00793481 0
0 0 0 -0.117222 0.757866 0.00793481 0
0 0 0 -0.117222 0.734428 0.00793481 0
0 0 0 -0.117222 0.734428 0.00793481 0
0 0 0 -0.117222 0.734428 0.00793481 0
0 0 0 -0.117222 0.734428 0.00793481 0
0 0 0 -0.117222 0.734428 0.00793481 0
0 0 0 -0.117222 0.609424 0.00793481 0
0 0 0 -0.117222 0.609424 0.00793481 0
0 0 0 -0.117222 0.609424 0.00793481 0
0 0 0 -0.117222 0.609424 0.00793481 0
0 0 0 -0.117222 0.609424 0.00793481 0
0 0 0 -0.117222 0.546922 0.00793481 0
0 0 0 -0.117222 0.546922 0.00793481 0
0 0 0 -0.117222 0.546922 0.00793481 0
0 0 0 -0.117222 0.546922 0.00793481 0
0 0 0 -0.117222 0.546922 0.00793481 0
0 0 0 -0.117222 0.500046 0.00793481 0
0 0 0 -0.117222 0.500046 0.00793481 0
0 0 0 -0.117222 0.500046 0.00793481 0
0 0 0 -0.117222 0.500046 0.00793481 0
0 0 0 -0.117222 0.500046 0.00793481 0
0 0 0 -0.117222 0.382855 0.00793481 0
0 0 0 -0.117222 0.382855 0.00793481 0
0 0 0 -0.117222 0.382855 0.00793481 0
0 0 0 -0.117222 0.382855 0.00793481 0
0 0 0 -0.117222 0.382855 0.00793481 0
0 0 0 -0.117222 0.320353 0.00793481 0
0 0 0 -0.117222 0.320353 0.00793481 0
0 0 0 -0.117222 0.320353 0.00793481 0
0 0 0 -0.117222 0.320353 0.00793481 0
0 0 0 -0.117222 0.320353 0.00793481 0
0 0 0 -0.117222 0.234413 0.00793481 0
0 0 0 -0.117222 0.234413 0.00793481 0
0 0 0 -0.117222 0.234413 0.00793481 0
0 0 0 -0.117222 0.203162 0.00793481 0
0 0 0 -0.117222 0.203162 0.00793481 0
0 0 0 -0.117222 0.171911 0.00793481 0
0 0 0 -0.117222 0.171911 0.00793481 0
0 0 0 -0.117222 0.171911 0.00793481 0
0 0 0 -0.117222 0.171911 0.00793481 0
0 0 0 -0.117222 0.171911 0.00793481 0
0 0 0 -0.00784326 0.0469069 0.00793481 0
0 0 0 -0.00784326 0.0469069 0.00793481 0
0 0 0 -0.00784326 0.0469069 0.00793481 0
0 0 0 -0.00784326 0.0469069 0.00793481 0
0 0 0 -0.00784326 0.0469069 0.00793481 0
0 0 0 -0.00784326 0.0312815 0.00793481 0
0 0 0 -0.00784326 0.0312815 0.00793481 0
0 0 0 -0.00784326 0.0312815 0.00793481 0
0 0 0 -0.00784326 0.0312815 0.00793481 0
0 0 0 -0.00784326 0.0312815 0.00793481 0
0 0 0 -0.00784326 3.05185e-005 0.00793481 0
0 0 0 -0.00784326 3.05185e-005 0.00793481 0
0 0 0 -0.00784326 3.05185e-005 0.00793481 0
0 0 0 -0.00784326 3.05185e-005 0.00793481 0
0 0 0 -0.00784326 3.05185e-005 0.00793481 0
0 0 0 -0.00784326 3.05185e-005 0.00793481 0
0 0 0 -0.00784326 3.05185e-005 0.00793481 0
0 0 0 -0.00784326 3.05185e-005 0.00793481 0
0 0 0 -0.00784326 3.05185e-005 0.00793481 0
0 0 0 -0.00784326 3.05185e-005 0.00793481 0
0 0 0 -0.101596 3.05185e-005 0.00793481 0
0 0 0 -0.101596 3.05185e-005 0.00793481 0
0 0 0 -0.101596 3.05185e-005 0.00793481 0
0 0 0 -0.101596 3.05185e-005 0.00793481 0
0 0 0 -0.101596 3.05185e-005 0.00793481 0
0 0 0 -0.117222 3.05185e-005 0.00793481 0
0 0 0 -0.117222 3.05185e-005 0.00793481 0
0 0 0 -0.117222 3.05185e-005 0.00793481 0
0 0 0 -0.117222 3.05185e-005 0.00793481 0
0 0 0 -0.117222 3.05185e-005 0.00793481 0
0 0 0 -0.117222 -0.0476089 0.00793481 0
0 0 0 -0.117222 -0.0476089 0.00793481 0
0 0 0 -0.117222 -0.0476089 0.00793481 0
0 0 0 -0.117222 -0.0476089 0.00793481 0
0 0 0 -0.117222 -0.0476089 0.00793481 0
0 0 0 -0.117222 -0.0555437 0.00793481 0
0 0 0 -0.117222 -0.0555437 0.00793481 0
0 0 0 -0.117222 -0.0555437 0.00793481 0
0 0 0 -0.117222 -0.0555437 0.00793481 0
0 0 0 -0.117222 -0.0714133 0.00793481 0
0 0 0 -0.117222 -0.103153 0.00793481 0
0 0 0 -0.117222 -0.103153 0.00793481 0
0 0 0 -0.117222 -0.103153 0.00793481 0
0 0 0 -0.117222 -0.103153 0.00793481 0
0 0 0 -0.117222 -0.103153 0.00793481 0
0 0 0 -0.117222 -0.111087 0.00793481 0
0 0 0 -0.117222 -0.111087 0.00793481 0
0 0 0 -0.117222 -0.111087 0.00793481 0
0 0 0 -0.117222 -0.111087 0.00793481 0
0 0 0 -0.117222 -0.126957 0.00793481 0
0 0 0 -0.117222 -0.166662 0.00793481 0
0 0 0 -0.117222 -0.166662 0.00793481 0
0 0 0 -0.117222 -0.166662 0.00793481 0
0 0 0 -0.117222 -0.166662 0.00793481 0
0 0 0 -0.117222 -0.166662 0.00793481 0
0 0 0 -0.117222 -0.182531 0.00793481 0
0 0 0 -0.117222 -0.222205 0.00793481 0
0 0 0 -0.117222 -0.222205 0.00793481 0
0 0 0 -0.117222 -0.222205 0.00793481 0
0 0 0 -0.117222 -0.222205 0.00793481 0
0 0 0 -0.117222 -0.269814 0.00793481 0
0 0 0 -0.117222 -0.269814 0.00793481 0
0 0 0 -0.117222 -0.269814 0.00793481 0
0 0 0 -0.117222 -0.269814 0.00793481 0
0 0 0 -0.117222 -0.269814 0.00793481 0
0 0 0 -0.117222 -0.309519 0.00793481 0
0 0 0 -0.117222 -0.309519 0.00793481 0
0 0 0 -0.117222 -0.309519 0.00793481 0
0 0 0 -0.117222 -0.309519 0.00793481 0
0 0 0 -0.117222 -0.309519 0.00793481 0
0 0 0 -0.117222 -0.349193 0.00793481 0
0 0 0 -0.117222 -0.349193 0.00793481 0
0 0 0 -0.117222 -0.349193 0.00793481 0
0 0 0 -0.117222 -0.349193 0.00793481 0
0 0 0 -0.117222 -0.349193 0.00793481 0
0 0 0 -0.117222 -0.380932 0.00793481 0
0 0 0 -0.117222 -0.380932 0.00793481 0
0 0 0 -0.117222 -0.380932 0.00793481 0
0 0 0 -0.117222 -0.380932 0.00793481 0
0 0 0 -0.117222 -0.380932 0.00793481 0
0 0 0 -0.117222 -0.404736 0.00793481 0
0 0 0 -0.117222 -0.404736 0.00793481 0
0 0 0 -0.117222 -0.404736 0.00793481 0
0 0 0 -0.117222 -0.404736 0.00793481 0
0 0 0 -0.117222 -0.404736 0.00793481 0
0 0 0 -0.117222 -0.404736 0.00793481 0
0 0 0 -0.117222 -0.404736 0.00793481 0
0 0 0 -0.117222 -0.404736 0.00793481 0
0 0 0 -0.117222 -0.404736 0.00793481 0
0 0 0 -0.117222 -0.404736 0.00793481 0
0 0 0 -0.117222 -0.436506 0.00793481 0
0 0 0 -0.117222 -0.436506 0.00793481 0
0 0 0 -0.117222 -0.436506 0.00793481 0
0 0 0 -0.117222 -0.436506 0.00793481 0
0 0 0 -0.117222 -0.436506 0.00793481 0
0 0 0 -0.117222 -0.460311 0.00793481 0
0 0 0 -0.117222 -0.460311 0.00793481 0
0 0 0 -0.117222 -0.460311 0.00793481 0
0 0 0 -0.117222 -0.460311 0.00793481 0
0 0 0 -0.117222 -0.460311 0.00793481 0
0 0 0 -0.117222 -0.49205 0.00793481 0
0 0 0 -0.117222 -0.49205 0.00793481 0
0 0 0 -0.117222 -0.49205 0.00793481 0
0 0 0 -0.117222 -0.49205 0.00793481 0
0 0 0 -0.117222 -0.49205 0.00793481 0
0 0 0 -0.117222 -0.499985 0.00793481 0
0 0 0 -0.117222 -0.499985 0.00793481 0
0 0 0 -0.117222 -0.499985 0.00793481 0
0 0 0 -0.117222 -0.499985 0.00793481 0
0 0 0 -0.117222 -0.499985 0.00793481 0
0 0 0 -0.117222 -0.531724 0.00793481 0
0 0 0 -0.117222 -0.531724 0.00793481 0
0 0 0 -0.117222 -0.531724 0.00793481 0
0 0 0 -0.117222 -0.531724 0.00793481 0
0 0 0 -0.117222 -0.531724 0.00793481 0
0 0 0 -0.117222 -0.531724 0.00793481 0
0 0 0 -0.117222 -0.531724 0.00793481 0
0 0 0 -0.117222 -0.531724 0.00793481 0
0 0 0 -0.117222 -0.531724 0.00793481 0
0 0 0 -0.117222 -0.531724 0.00793481 0
0 0 0 -0.117222 -0.547594 0.00793481 0
0 0 0 -0.117222 -0.547594 0.00793481 0
0 0 0 -0.117222 -0.547594 0.00793481 0
0 0 0 -0.117222 -0.547594 0.00793481 0
0 0 0 -0.117222 -0.555528 0.00793481 0
0 0 0 -0.117222 -0.571429 0.00793481 0
0 0 0 -0.117222 -0.571429 0.00793481 0
0 0 0 -0.117222 -0.571429 0.00793481 0
0 0 0 -0.117222 -0.571429 0.00793481 0
0 0 0 -0.117222 -0.571429 0.00793481 0
0 0 0 -0.117222 -0.603168 0.00793481 0
0 0 0 -0.117222 -0.603168 0.00793481 0
0 0 0 -0.117222 -0.603168 0.00793481 0
0 0 0 -0.117222 -0.603168 0.00793481 0
0 0 0 -0.117222 -0.603168 0.00793481 0
0 0 0 -0.117222 -0.603168 0.00793481 0
0 0 0 -0.117222 -0.603168 0.00793481 0
0 0 0 -0.117222 -0.603168 0.00793481 0
0 0 0 -0.117222 -0.603168 0.00793481 0
0 0 0 -0.117222 -0.603168 0.00793481 0
0 0 0 -0.117222 -0.642842 0.00793481 0
0 0 0 -0.117222 -0.642842 0.00793481 0
0 0 0 -0.117222 -0.642842 0.00793481 0
0 0 0 -0.117222 -0.642842 0.00793481 0
0 0 0 -0.117222 -0.642842 0.00793481 0
0 0 0 -0.117222 -0.642842 0.00793481 0
0 0 0 -0.117222 -0.642842 0.00793481 0
0 0 0 -0.117222 -0.642842 0.00793481 0
0 0 0 -0.117222 -0.642842 0.00793481 0
0 0 0 -0.117222 -0.642842 0.00793481 0
0 0 0 -0.117222 -0.642842 0.00793481 0
0 0 0 -0.117222 -0.642842 0.00793481 0
0 0 0 -0.117222 -0.642842 0.00793481 0
0 0 0 -0.117222 -0.642842 0.00793481 0
0 0 0 -0.117222 -0.642842 0.00793481 0
0 0 0 -0.117222 -0.642842 0.00793481 0
0 0 0 -0.117222 -0.642842 0.00793481 0
0 0 0 -0.117222 -0.642842 0.00793481 0
0 0 0 -0.117222 -0.642842 0.00793481 0
0 0 0 -0.117222 -0.642842 0.00793481 0
0 0 0 -0.117222 -0.642842 0.00793481 0
0 0 0 -0.117222 -0.642842 0.00793481 0
0 0 0 -0.117222 -0.642842 0.00793481 0
0 0 0 -0.117222 -0.642842 0.00793481 0
0 0 0 -0.117222 -0.642842 0.00793481 0
0 0 0 -0.117222 -0.658711 0.00793481 0
0 0 0 -0.117222 -0.658711 0.00793481 0
0 0 0 -0.117222 -0.658711 0.00793481 0
0 0 0 -0.117222 -0.658711 0.00793481 0
0 0 0 -0.117222 -0.658711 0.00793481 0
0 0 0 -0.117222 -0.682516 0.00793481 0
0 0 0 -0.117222 -0.682516 0.00793481 0
0 0 0 -0.117222 -0.682516 0.00793481 0
0 0 0 -0.117222 -0.682516 0.00793481 0
0 0 0 -0.117222 -0.682516 0.00793481 0
0 0 0 -0.117222 -0.698386 0.00793481 0
0 0 0 -0.117222 -0.698386 0.00793481 0
0 0 0 -0.117222 -0.698386 0.00793481 0
0 0 0 -0.117222 -0.698386 0.00793481 0
0 0 0 -0.117222 -0.698386 0.00793481 0
0 0 0 -0.117222 -0.722221 0.00793481 0
0 0 0 -0.117222 -0.722221 0.00793481 0
0 0 0 -0.117222 -0.722221 0.00793481 0
0 0 0 -0.117222 -0.722221 0.00793481 0
0 0 0 -0.117222 -0.722221 0.00793481 0
0 0 0 -0.117222 -0.73809 0.00793481 0
0 0 0 -0.117222 -0.73809 0.00793481 0
0 0 0 -0.117222 -0.73809 0.00793481 0
0 0 0 -0.117222 -0.73809 0.00793481 0
0 0 0 -0.117222 -0.73809 0.00793481 0
0 0 0 -0.117222 -0.75396 0.00793481 0
0 0 0 -0.117222 -0.75396 0.00793481 0
0 0 0 -0.117222 -0.75396 0.00793481 0
0 0 0 -0.117222 -0.75396 0.00793481 0
0 0 0 -0.117222 -0.75396 0.00793481 0
0 0 0 -0.117222 -0.75396 0.00793481 0
0 0 0 -0.117222 -0.75396 0.00793481 0
0 0 0 -0.117222 -0.75396 0.00793481 0
0 0 0 -0.117222 -0.75396 0.00793481 0
0 0 0 -0.117222 -0.75396 0.00793481 0
0 0 0 -0.117222 -0.793634 0.00793481 0
0 0 0 -0.117222 -0.793634 0.00793481 0
0 0 0 -0.117222 -0.793634 0.00793481 0
0 0 0 -0.117222 -0.793634 0.00793481 0
0 0 0 -0.117222 -0.793634 0.00793481 0
0 0 0 -0.117222 -0.825373 0.00793481 0
0 0 0 -0.117222 -0.825373 0.00793481 0
0 0 0 -0.117222 -0.825373 0.00793481 0
0 0 0 -0.117222 -0.825373 0.00793481 0
0 0 0 -0.117222 -0.825373 0.00793481 0
0 0 0 -0.101596 -0.833308 0.00793481 0
0 0 0 -0.101596 -0.833308 0.00793481 0
0 0 0 -0.101596 -0.833308 0.00793481 0
0 0 0 -0.101596 -0.833308 0.00793481 0
0 0 0 -0.101596 -0.833308 0.00793481 0
0 0 0 -0.101596 -0.849178 0.00793481 0
0 0 0 -0.101596 -0.849178 0.00793481 0
0 0 0 -0.101596 -0.849178 0.00793481 0
0 0 0 -0.101596 -0.849178 0.00793481 0
0 0 0 -0.101596 -0.849178 0.00793481 0
0 0 0 -0.101596 -0.849178 0.00793481 0
0 0 0 -0.101596 -0.849178 0.00793481 0
0 0 0 -0.101596 -0.849178 0.00793481 0
0 0 0 -0.101596 -0.849178 0.00793481 0
0 0 0 -0.101596 -0.849178 0.00793481 0
0 0 0 -0.101596 -0.849178 0.00793481 0
0 0 0 -0.101596 -0.849178 0.00793481 0
0 0 0 -0.101596 -0.849178 0.00793481 0
0 0 0 -0.101596 -0.849178 0.00793481 0
0 0 0 -0.101596 -0.849178 0.00793481 0
0 0 0 -0.101596 -0.849178 0.00793481 0
0 0 0 -0.101596 -0.849178 0.00793481 0
0 0 0 -0.101596 -0.849178 0.00793481 0
0 0 0 -0.101596 -0.849178 0.00793481 0
0 0 0 -0.101596 -0.849178 0.00793481 0
0 0 0 -0.101596 -0.849178 0.00793481 0
0 0 0 -0.101596 -0.849178 0.00793481 0
0 0 0 -0.101596 -0.849178 0.00793481 0
0 0 0 -0.101596 -0.849178 0.00793481 0
0 0 0 -0.101596 -0.849178 0.00793481 0
0 0 0 -0.101596 -0.849178 0.00793481 0
0 0 0 -0.101596 -0.849178 0.00793481 0
0 0 0 -0.101596 -0.849178 0.00793481 0
0 0 0 -0.101596 -0.849178 0.00793481 0
0 0 0 -0.101596 -0.849178 0.00793481 0
0 0 0 -0.101596 -0.849178 0.00793481 0
0 0 0 -0.101596 -0.849178 0.00793481 0
0 0 0 -0.101596 -0.849178 0.00793481 0
0 0 0 -0.101596 -0.849178 0.00793481 0
0 0 0 -0.101596 -0.849178 0.00793481 0
0 0 0 -0.101596 -0.849178 0.00793481 0
0 0 0 -0.101596 -0.849178 0.00793481 0
0 0 0 -0.101596 -0.825373 0.00793481 0
0 0 0 -0.101596 -0.825373 0.00793481 0
0 0 0 -0.101596 -0.825373 0.00793481 0
0 0 0 -0.101596 -0.825373 0.00793481 0
0 0 0 -0.101596 -0.825373 0.00793481 0
0 0 0 -0.101596 -0.809503 0.00793481 0
0 0 0 -0.101596 -0.809503 0.00793481 0
0 0 0 -0.101596 -0.809503 0.00793481 0
0 0 0 -0.101596 -0.793634 0.00793481 0
0 0 0 -0.101596 -0.777764 0.00793481 0
0 0 0 -0.101596 -0.777764 0.00793481 0
0 0 0 -0.101596 -0.777764 0.00793481 0
0 0 0 -0.101596 -0.777764 0.00793481 0
0 0 0 -0.101596 -0.777764 0.00793481 0
0 0 0 -0.101596 -0.777764 0.00793481 0
0 0 0 -0.101596 -0.777764 0.00793481 0
0 0 0 -0.101596 -0.777764 0.00793481 0
0 0 0 -0.101596 -0.777764 0.00793481 0
0 0 0 -0.101596 -0.777764 0.00793481 0
0 0 0 -0.101596 -0.777764 0.00793481 0
0 0 0 -0.101596 -0.777764 0.00793481 0
0 0 0 -0.101596 -0.777764 0.00793481 0
0 0 0 -0.101596 -0.777764 0.00793481 0
0 0 0 -0.101596 -0.777764 0.00793481 0
0 0 0 -0.101596 -0.777764 0.00793481 0
0 0 0 -0.101596 -0.777764 0.00793481 0
0 0 0 -0.101596 -0.777764 0.00793481 0
0 0 0 -0.101596 -0.777764 0.00793481 0
0 0 0 -0.101596 -0.777764 0.00793481 0
0 0 0 -0.101596 -0.777764 0.00793481 0
0 0 0 -0.101596 -0.777764 0.00793481 0
0 0 0 -0.101596 -0.777764 0.00793481 0
0 0 0 -0.101596 -0.777764 0.00793481 0
0 0 0 -0.101596 -0.777764 0.00793481 0
0 0 0 -0.101596 -0.777764 0.00793481 0
0 0 0 -0.101596 -0.777764 0.00793481 0
0 0 0 -0.101596 -0.777764 0.00793481 0
0 0 0 -0.101596 -0.777764 0.00793481 0
0 0 0 -0.101596 -0.777764 0.00793481 0
0 0 0 -0.101596 -0.777764 0.00793481 0
0 0 0 -0.101596 -0.777764 0.00793481 0
0 0 0 -0.101596 -0.777764 0.00793481 0
0 0 0 -0.101596 -0.777764 0.00793481 0
0 0 0 -0.101596 -0.777764 0.00793481 0
0 0 0 -0.101596 -0.777764 0.00793481 0
0 0 0 -0.101596 -0.777764 0.00793481 0
0 0 0 -0.101596 -0.777764 0.00793481 0
0 0 0 -0.101596 -0.777764 0.00793481 0
0 0 0 -0.101596 -0.769829 0.00793481 0
0 0 0 -0.101596 -0.769829 0.00793481 0
0 0 0 -0.101596 -0.769829 0.00793481 0
0 0 0 -0.101596 -0.769829 0.00793481 0
0 0 0 -0.101596 -0.769829 0.00793481 0
0 0 0 -0.101596 -0.769829 0.00793481 0
0 0 0 -0.101596 -0.769829 0.00793481 0
0 0 0 -0.101596 -0.769829 0.00793481 0
0 0 0 -0.101596 -0.769829 0.00793481 0
0 0 0 -0.101596 -0.769829 0.00793481 0
0 0 0 -0.101596 -0.769829 0.00793481 0
0 0 0 -0.101596 -0.769829 0.00793481 0
0 0 0 -0.101596 -0.769829 0.00793481 0
0 0 0 -0.101596 -0.769829 0.00793481 0
0 0 0 -0.101596 -0.769829 0.00793481 0
0 0 0 -0.101596 -0.769829 0.00793481 0
0 0 0 -0.101596 -0.769829 0.00793481 0
0 0 0 -0.101596 -0.769829 0.00793481 0
0 0 0 -0.101596 -0.769829 0.00793481 0
0 0 0 -0.101596 -0.769829 0.00793481 0
0 0 0 -0.101596 -0.769829 0.00793481 0
0 0 0 -0.101596 -0.769829 0.00793481 0
0 0 0 -0.101596 -0.769829 0.00793481 0
0 0 0 -0.101596 -0.769829 0.00793481 0
0 0 0 -0.101596 -0.769829 0.00793481 0
0 0 0 -0.101596 -0.769829 0.00793481 0
0 0 0 -0.101596 -0.769829 0.00793481 0
0 0 0 -0.101596 -0.769829 0.00793481 0
0 0 0 -0.101596 -0.769829 0.00793481 0
0 0 0 -0.101596 -0.769829 0.00793481 0
0 0 0 -0.101596 -0.769829 0.00793481 0
0 0 0 -0.101596 -0.769829 0.00793481 0
0 0 0 -0.101596 -0.769829 0.00793481 0
0 0 0 -0.101596 -0.769829 0.00793481 0
0 0 0 -0.101596 -0.769829 0.00793481 0
0 0 0 -0.101596 -0.769829 0.00793481 0
0 0 0 -0.101596 -0.769829 0.00793481 0
0 0 0 -0.101596 -0.769829 0.00793481 0
0 0 0 -0.101596 -0.769829 0.00793481 0
0 0 0 -0.101596 -0.769829 0.00793481 0
0 0 0 -0.101596 -0.769829 0.00793481 0
0 0 0 -0.101596 -0.769829 0.00793481 0
0 0 0 -0.101596 -0.769829 0.00793481 0
0 0 0 -0.101596 -0.769829 0.00793481 0
0 0 0 -0.101596 -0.769829 0.00793481 0
0 0 0 -0.101596 -0.769829 0.00793481 0
0 0 0 -0.101596 -0.769829 0.00793481 0
0 0 0 -0.101596 -0.769829 0.00793481 0
0 0 0 -0.101596 -0.769829 0.00793481 0
0 0 0 -0.101596 -0.769829 0.00793481 0
0 0 0 -0.101596 -0.769829 0.00793481 0
0 0 0 -0.101596 -0.769829 0.00793481 0
0 0 0 -0.101596 -0.769829 0.00793481 0
0 0 0 -0.101596 -0.769829 0.00793481 0
0 0 0 -0.101596 -0.769829 0.00793481 0
0 0 0 -0.101596 -0.769829 0.00793481 0
0 0 0 -0.101596 -0.769829 0.00793481 0
0 0 0 -0.101596 -0.769829 0.00793481 0
0 0 0 -0.101596 -0.769829 0.00793481 0
0 0 0 -0.101596 -0.769829 0.00793481 0
0 0 0 -0.101596 -0.769829 0.00793481 0
0 0 0 -0.101596 -0.769829 0.00793481 0
0 0 0 -0.101596 -0.769829 0.00793481 0
0 0 0 -0.101596 -0.769829 0.00793481 0
0 0 0 -0.101596 -0.769829 0.00793481 0
0 0 0 -0.14066 -0.769829 0.00793481 0
0 0 0 -0.14066 -0.769829 0.00793481 0
0 0 0 -0.14066 -0.769829 0.00793481 0
0 0 0 -0.14066 -0.769829 0.00793481 0
0 0 0 -0.117222 -0.769829 0.00793481 0
0 0 0 -0.117222 -0.769829 0.00793481 0
0 0 0 -0.117222 -0.769829 0.00793481 0
0 0 0 -0.117222 -0.769829 0.00793481 0
0 0 0 -0.117222 -0.769829 0.00793481 0
0 0 0 -0.117222 -0.769829 0.00793481 0
0 0 0 -0.117222 -0.769829 0.00793481 0
0 0 0 -0.117222 -0.769829 0.00793481 0
0 0 0 -0.117222 -0.769829 0.00793481 0
0 0 0 -0.117222 -0.75396 0.00793481 0
0 0 0 -0.117222 -0.75396 0.00793481 0
0 0 0 -0.117222 -0.73809 0.00793481 0
0 0 0 -0.117222 -0.73809 0.00793481 0
0 0 0 -0.117222 -0.73809 0.00793481 0
0 0 0 -0.117222 -0.73809 0.00793481 0
0 0 0 -0.117222 -0.73809 0.00793481 0
0 0 0 -0.117222 -0.722221 0.00793481 0
0 0 0 -0.117222 -0.722221 0.00793481 0
0 0 0 -0.117222 -0.722221 0.00793481 0
0 0 0 -0.117222 -0.722221 0.00793481 0
0 0 0 -0.117222 -0.722221 0.00793481 0
0 0 0 -0.117222 -0.714286 0.00793481 0
0 0 0 -0.117222 -0.714286 0.00793481 0
0 0 0 -0.117222 -0.714286 0.00793481 0
0 0 0 -0.117222 -0.714286 0.00793481 0
0 0 0 -0.117222 -0.714286 0.00793481 0
0 0 0 -0.117222 -0.714286 0.00793481 0
0 0 0 -0.117222 -0.714286 0.00793481 0
0 0 0 -0.117222 -0.714286 0.00793481 0
0 0 0 -0.117222 -0.714286 0.00793481 0
0 0 0 -0.117222 -0.714286 0.00793481 0
0 0 0 -0.117222 -0.698386 0.00793481 0
0 0 0 -0.117222 -0.698386 0.00793481 0
0 0 0 -0.117222 -0.698386 0.00793481 0
0 0 0 -0.117222 -0.698386 0.00793481 0
0 0 0 -0.117222 -0.698386 0.00793481 0
0 0 0 -0.117222 -0.698386 0.00793481 0
0 0 0 -0.117222 -0.698386 0.00793481 0
0 0 0 -0.117222 -0.698386 0.00793481 0
0 0 0 -0.117222 -0.698386 0.00793481 0
0 0 0 -0.117222 -0.698386 0.00793481 0
0 0 0 -0.117222 -0.698386 0.00793481 0
0 0 0 -0.117222 -0.698386 0.00793481 0
0 0 0 -0.117222 -0.698386 0.00793481 0
0 0 0 -0.117222 -0.698386 0.00793481 0
0 0 0 -0.117222 -0.698386 0.00793481 0
0 0 0 -0.117222 -0.698386 0.00793481 0
0 0 0 -0.117222 -0.698386 0.00793481 0
0 0 0 -0.117222 -0.698386 0.00793481 0
0 0 0 -0.117222 -0.698386 0.00793481 0
0 0 0 -0.117222 -0.698386 0.00793481 0
0 0 0 -0.117222 -0.698386 0.00793481 0
0 0 0 -0.117222 -0.698386 0.00793481 0
0 0 0 -0.117222 -0.698386 0.00793481 0
0 0 0 -0.117222 -0.698386 0.00793481 0
0 0 0 -0.117222 -0.698386 0.00793481 0
0 0 0 -0.117222 -0.698386 0.00793481 0
0 0 0 -0.117222 -0.698386 0.00793481 0
0 0 0 -0.117222 -0.698386 0.00793481 0
0 0 0 -0.117222 -0.698386 0.00793481 0
0 0 0 -0.117222 -0.698386 0.00793481 0
0 0 0 -0.117222 -0.698386 0.00793481 0
0 0 0 -0.117222 -0.698386 0.00793481 0
0 0 0 -0.117222 -0.698386 0.00793481 0
0 0 0 -0.117222 -0.698386 0.00793481 0
0 0 0 -0.117222 -0.698386 0.00793481 0
0 0 0 -0.117222 -0.698386 0.00793481 0
0 0 0 -0.117222 -0.698386 0.00793481 0
0 0 0 -0.117222 -0.698386 0.00793481 0
0 0 0 -0.117222 -0.698386 0.00793481 0
0 0 0 -0.117222 -0.698386 0.00793481 0
0 0 0 -0.101596 -0.698386 0.00793481 0
0 0 0 -0.101596 -0.698386 0.00793481 0
0 0 0 -0.101596 -0.698386 0.00793481 0
0 0 0 -0.101596 -0.698386 0.00793481 0
0 0 0 -0.101596 -0.698386 0.00793481 0
0 0 0 -0.101596 -0.698386 0.00793481 0
0 0 0 -0.101596 -0.698386 0.00793481 0
0 0 0 -0.101596 -0.698386 0.00793481 0
0 0 0 -0.101596 -0.698386 0.00793481 0
0 0 0 -0.101596 -0.698386 0.00793481 0
0 0 0 -0.101596 -0.698386 0.00793481 0
0 0 0 -0.101596 -0.698386 0.00793481 0
0 0 0 -0.101596 -0.698386 0.00793481 0
0 0 0 -0.101596 -0.698386 0.00793481 0
0 0 0 -0.101596 -0.698386 0.00793481 0
0 0 0 -0.101596 -0.698386 0.00793481 0
0 0 0 -0.101596 -0.698386 0.00793481 0
0 0 0 -0.101596 -0.698386 0.00793481 0
0 0 0 -0.101596 -0.698386 0.00793481 0
0 0 0 -0.101596 -0.698386 0.00793481 0
0 0 0 -0.101596 -0.682516 0.00793481 0
0 0 0 -0.101596 -0.682516 0.00793481 0
0 0 0 -0.101596 -0.682516 0.00793481 0
0 0 0 -0.101596 -0.666646 0.00793481 0
0 0 0 -0.101596 -0.666646 0.00793481 0
0 0 0 -0.101596 -0.666646 0.00793481 0
0 0 0 -0.101596 -0.666646 0.00793481 0
0 0 0 -0.101596 -0.666646 0.00793481 0
0 0 0 -0.101596 -0.666646 0.00793481 0
0 0 0 -0.101596 -0.666646 0.00793481 0
0 0 0 -0.101596 -0.658711 0.00793481 0
0 0 0 -0.101596 -0.658711 0.00793481 0
0 0 0 -0.101596 -0.658711 0.00793481 0
0 0 0 -0.101596 -0.658711 0.00793481 0
0 0 0 -0.101596 -0.658711 0.00793481 0
0 0 0 -0.101596 -0.658711 0.00793481 0
0 0 0 -0.101596 -0.658711 0.00793481 0
0 0 0 -0.101596 -0.658711 0.00793481 0
0 0 0 -0.101596 -0.658711 0.00793481 0
0 0 0 -0.101596 -0.658711 0.00793481 0
0 0 0 -0.101596 -0.642842 0.00793481 0
0 0 0 -0.101596 -0.642842 0.00793481 0
0 0 0 -0.101596 -0.642842 0.00793481 0
0 0 0 -0.101596 -0.642842 0.00793481 0
0 0 0 -0.101596 -0.642842 0.00793481 0
0 0 0 -0.101596 -0.626972 0.00793481 0
0 0 0 -0.101596 -0.626972 0.00793481 0
0 0 0 -0.101596 -0.626972 0.00793481 0
0 0 0 -0.101596 -0.626972 0.00793481 0
0 0 0 -0.101596 -0.626972 0.00793481 0
0 0 0 -0.101596 -0.611103 0.00793481 0
0 0 0 -0.101596 -0.611103 0.00793481 0
0 0 0 -0.101596 -0.611103 0.00793481 0
0 0 0 -0.101596 -0.611103 0.00793481 0
0 0 0 -0.101596 -0.611103 0.00793481 0
0 0 0 -0.101596 -0.587298 0.00793481 0
0 0 0 -0.101596 -0.587298 0.00793481 0
0 0 0 -0.101596 -0.587298 0.00793481 0
0 0 0 -0.101596 -0.587298 0.00793481 0
0 0 0 -0.101596 -0.587298 0.00793481 0
0 0 0 -0.101596 -0.555528 0.00793481 0
0 0 0 -0.101596 -0.555528 0.00793481 0
0 0 0 -0.101596 -0.555528 0.00793481 0
0 0 0 -0.101596 -0.555528 0.00793481 0
0 0 0 -0.101596 -0.555528 0.00793481 0
0 0 0 -0.101596 -0.515854 0.00793481 0
0 0 0 -0.101596 -0.515854 0.00793481 0
0 0 0 -0.101596 -0.515854 0.00793481 0
0 0 0 -0.101596 -0.515854 0.00793481 0
0 0 0 -0.101596 -0.515854 0.00793481 0
0 0 0 -0.0859706 -0.49205 0.00793481 0
0 0 0 -0.0859706 -0.49205 0.00793481 0
0 0 0 -0.0859706 -0.49205 0.00793481 0
0 0 0 -0.0859706 -0.49205 0.00793481 0
0 0 0 -0.0859706 -0.49205 0.00793481 0
0 0 0 -0.0859706 -0.420606 0.00793481 0
0 0 0 -0.0859706 -0.420606 0.00793481 0
0 0 0 -0.0859706 -0.420606 0.00793481 0
0 0 0 -0.0859706 -0.420606 0.00793481 0
0 0 0 -0.0859706 -0.420606 0.00793481 0
0 0 0 -0.0859706 -0.388867 0.00793481 0
0 0 0 -0.0859706 -0.388867 0.00793481 0
0 0 0 -0.0859706 -0.388867 0.00793481 0
0 0 0 -0.0859706 -0.388867 0.00793481 0
0 0 0 -0.0859706 -0.388867 0.00793481 0
0 0 0 -0.0703452 -0.380932 0.00793481 0
0 0 0 -0.0703452 -0.380932 0.00793481 0
0 0 0 -0.0703452 -0.380932 0.00793481 0
0 0 0 -0.0703452 -0.380932 0.00793481 0
0 0 0 -0.0703452 -0.380932 0.00793481 0
0 0 0 -0.0703452 -0.349193 0.00793481 0
0 0 0 -0.0703452 -0.349193 0.00793481 0
0 0 0 -0.0703452 -0.349193 0.00793481 0
0 0 0 -0.0703452 -0.349193 0.00793481 0
0 0 0 -0.0703452 -0.349193 0.00793481 0
0 0 0 -0.0703452 -0.293649 0.00793481 0
0 0 0 -0.0703452 -0.293649 0.00793481 0
0 0 0 -0.0703452 -0.293649 0.00793481 0
0 0 0 -0.0703452 -0.293649 0.00793481 0
0 0 0 -0.0703452 -0.293649 0.00793481 0
0 0 0 -0.0703452 -0.21427 0.00793481 0
0 0 0 -0.0703452 -0.21427 0.00793481 0
0 0 0 -0.0703452 -0.21427 0.00793481 0
0 0 0 -0.0703452 -0.21427 0.00793481 0
0 0 0 -0.0703452 -0.21427 0.00793481 0
0 0 0 -0.0547197 -0.142857 0.00793481 0
0 0 0 -0.0547197 -0.142857 0.00793481 0
0 0 0 -0.0547197 -0.142857 0.00793481 0
0 0 0 -0.0547197 -0.142857 0.00793481 0
0 0 0 -0.0547197 -0.142857 0.00793481 0
0 0 0 -0.0547197 -0.0476089 0.00793481 0
0 0 0 -0.0547197 -0.0476089 0.00793481 0
0 0 0 -0.0547197 -0.0476089 0.00793481 0
0 0 0 -0.0547197 -0.0476089 0.00793481 0
0 0 0 -0.0547197 -0.0476089 0.00793481 0
0 0 0 -0.0547197 3.05185e-005 0.00793481 0
0 0 0 -0.0547197 3.05185e-005 0.00793481 0
0 0 0 -0.0547197 3.05185e-005 0.00793481 0
0 0 0 -0.0547197 3.05185e-005 0.00793481 0
0 0 0 -0.0547197 3.05185e-005 0.00793481 0
0 0 0 -0.0234687 0.00784326 0.00793481 0
0 0 0 -0.0234687 0.00784326 0.00793481 0
0 0 0 -0.0234687 0.00784326 0.00793481 0
0 0 0 -0.0234687 0.00784326 0.00793481 0
0 0 0 -0.00784326 0.00784326 0.00793481 0
0 0 0 -3.05185e-005 0.00784326 0.00793481 0
0 0 0 -3.05185e-005 0.00784326 0.00793481 0
0 0 0 -3.05185e-005 0.00784326 0.00793481 0
0 0 0 -3.05185e-005 0.00784326 0.00793481 0
0 0 0 -3.05185e-005 0.00784326 0.00793481 0
0 0 0 -0.0234687 0.00784326 0.00793481 0
0 0 0 -0.0234687 0.00784326 0.00793481 0
0 0 0 -0.0234687 0.00784326 0.00793481 0
0 0 0 -0.0234687 0.00784326 0.00793481 0
0 0 0 -0.0234687 0.00784326 0.00793481 0
0 0 0 -0.0234687 0.00784326 0.00793481 0
0 0 0 -0.0234687 0.00784326 0.00793481 0
0 0 0 -0.0234687 0.00784326 0.00793481 0
0 0 0 -0.0234687 0.00784326 0.00793481 0
0 0 0 -0.0234687 0.00784326 0.00793481 0
0 0 0 -0.0234687 0.015656 0.00793481 0
0 0 0 -0.0234687 0.015656 0.00793481 0
0 0 0 -0.0234687 0.015656 0.00793481 0
0 0 0 -0.0234687 0.015656 0.00793481 0
0 0 0 -0.0234687 0.0312815 0.00793481 0
0 0 0 -0.0234687 0.0469069 0.00793481 0
0 0 0 -0.0234687 0.0469069 0.00793481 0
0 0 0 -0.0234687 0.0625324 0.00793481 0
0 0 0 -0.0234687 0.0625324 0.00793481 0
0 0 0 -0.0234687 0.0625324 0.00793481 0
0 0 0 -0.0234687 0.0781579 0.00793481 0
0 0 0 -0.0234687 0.0781579 0.00793481 0
0 0 0 -0.0234687 0.0781579 0.00793481 0
0 0 0 -0.0234687 0.0781579 0.00793481 0
0 0 0 -0.0234687 0.0781579 0.00793481 0
0 0 0 -0.0234687 0.0781579 0.00793481 0
0 0 0 -0.0234687 0.0781579 0.00793481 0
0 0 0 -0.0234687 0.0781579 0.00793481 0
0 0 0 -0.0234687 0.0781579 0.00793481 0
0 0 0 -0.0234687 0.0781579 0.00793481 0
0 0 0 -0.0234687 0.109409 0.00793481 0
0 0 0 -0.0234687 0.109409 0.00793481 0
0 0 0 -0.0234687 0.109409 0.00793481 0
0 0 0 -0.0234687 0.109409 0.00793481 0
0 0 0 -0.0234687 0.109409 0.00793481 0
0 0 0 -0.0234687 0.125034 0.00793481 0
0 0 0 -0.0234687 0.14066 0.00793481 0
0 0 0 -0.0234687 0.14066 0.00793481 0
0 0 0 -0.0234687 0.14066 0.00793481 0
0 0 0 -0.0234687 0.14066 0.00793481 0
0 0 0 -0.0547197 0.187536 0.00793481 0
0 0 0 -0.0547197 0.187536 0.00793481 0
0 0 0 -0.0547197 0.187536 0.00793481 0
0 0 0 -0.0547197 0.187536 0.00793481 0
0 0 0 -0.0547197 0.187536 0.00793481 0
0 0 0 -0.0547197 0.203162 0.00793481 0
0 0 0 -0.0547197 0.203162 0.00793481 0
0 0 0 -0.0547197 0.203162 0.00793481 0
0 0 0 -0.0547197 0.203162 0.00793481 0
0 0 0 -0.0547197 0.203162 0.00793481 0
0 0 0 -0.0547197 0.218787 0.00793481 0
0 0 0 -0.0547197 0.218787 0.00793481 0
0 0 0 -0.0547197 0.218787 0.00793481 0
0 0 0 -0.0547197 0.218787 0.00793481 0
0 0 0 -0.0547197 0.218787 0.00793481 0
0 0 0 -0.0547197 0.234413 0.00793481 0
0 0 0 -0.0547197 0.234413 0.00793481 0
0 0 0 -0.0547197 0.234413 0.00793481 0
0 0 0 -0.0547197 0.234413 0.00793481 0
0 0 0 -0.0547197 0.234413 0.00793481 0
0 0 0 -0.0547197 0.234413 0.00793481 0
0 0 0 -0.0547197 0.234413 0.00793481 0
0 0 0 -0.0547197 0.234413 0.00793481 0
0 0 0 -0.0547197 0.234413 0.00793481 0
0 0 0 -0.0547197 0.234413 0.00793481 0
0 0 0 -0.0547197 0.250038 0.00793481 0
0 0 0 -0.0547197 0.250038 0.00793481 0
0 0 0 -0.0547197 0.250038 0.00793481 0
0 0 0 -0.0547197 0.250038 0.00793481 0
0 0 0 -0.0547197 0.250038 0.00793481 0
0 0 0 -0.0547197 0.250038 0.00793481 0
0 0 0 -0.0547197 0.250038 0.00793481 0
0 0 0 -0.0547197 0.250038 0.00793481 0
0 0 0 -0.0547197 0.250038 0.00793481 0
0 0 0 -0.0547197 0.250038 0.00793481 0
0 0 0 -0.0547197 0.273476 0.00793481 0
0 0 0 -0.0547197 0.273476 0.00793481 0
0 0 0 -0.0547197 0.273476 0.00793481 0
0 0 0 -0.0547197 0.273476 0.00793481 0
0 0 0 -0.0547197 0.273476 0.00793481 0
0 0 0 -0.0547197 0.304727 0.00793481 0
0 0 0 -0.0547197 0.304727 0.00793481 0
0 0 0 -0.0547197 0.304727 0.00793481 0
0 0 0 -0.0547197 0.304727 0.00793481 0
0 0 0 -0.0547197 0.304727 0.00793481 0
0 0 0 -0.0547197 0.320353 0.00793481 0
0 0 0 -0.0547197 0.320353 0.00793481 0
0 0 0 -0.0547197 0.320353 0.00793481 0
0 0 0 -0.0547197 0.320353 0.00793481 0
0 0 0 -0.0547197 0.320353 0.00793481 0
0 0 0 -0.0547197 0.320353 0.00793481 0
0 0 0 -0.0547197 0.320353 0.00793481 0
0 0 0 -0.0547197 0.320353 0.00793481 0
0 0 0 -0.0547197 0.320353 0.00793481 0
0 0 0 -0.0547197 0.320353 0.00793481 0
0 0 0 -0.0547197 0.320353 0.00793481 0
0 0 0 -0.0547197 0.320353 0.00793481 0
0 0 0 -0.0547197 0.320353 0.00793481 0
0 0 0 -0.0547197 0.320353 0.00793481 0
0 0 0 -0.0547197 0.320353 0.00793481 0
0 0 0 -0.0547197 0.320353 0.00793481 0
0 0 0 -0.0547197 0.320353 0.00793481 0
0 0 0 -0.0547197 0.320353 0.00793481 0
0 0 0 -0.0547197 0.320353 0.00793481 0
0 0 0 -0.0547197 0.320353 0.00793481 0
0 0 0 -0.0547197 0.320353 0.00793481 0
0 0 0 -0.0547197 0.320353 0.00793481 0
0 0 0 -0.0547197 0.320353 0.00793481 0
0 0 0 -0.0547197 0.320353 0.00793481 0
0 0 0 -0.0547197 0.320353 0.00793481 0
0 0 0 -0.0547197 0.320353 0.00793481 0
0 0 0 -0.0547197 0.320353 0.00793481 0
0 0 0 -0.0547197 0.320353 0.00793481 0
0 0 0 -0.0547197 0.320353 0.00793481 0
0 0 0 -0.0547197 0.320353 0.00793481 0
0 0 0 -0.0547197 0.335978 0.00793481 0
0 0 0 -0.0547197 0.335978 0.00793481 0
0 0 0 -0.0547197 0.335978 0.00793481 0
0 0 0 -0.0547197 0.335978 0.00793481 0
0 0 0 -0.0547197 0.335978 0.00793481 0
0 0 0 -0.0547197 0.335978 0.00793481 0
0 0 0 -0.0547197 0.335978 0.00793481 0
0 0 0 -0.0547197 0.335978 0.00793481 0
0 0 0 -0.0547197 0.335978 0.00793481 0
0 0 0 -0.0547197 0.335978 0.00793481 0
0 0 0 -0.0547197 0.335978 0.00793481 0
0 0 0 -0.0547197 0.335978 0.00793481 0
0 0 0 -0.0547197 0.335978 0.00793481 0
0 0 0 -0.0547197 0.335978 0.00793481 0
0 0 0 -0.0547197 0.335978 0.00793481 0
0 0 0 -0.0547197 0.335978 0.00793481 0
0 0 0 -0.0547197 0.335978 0.00793481 0
0 0 0 -0.0547197 0.335978 0.00793481 0
0 0 0 -0.0547197 0.335978 0.00793481 0
0 0 0 -0.0547197 0.335978 0.00793481 0
0 0 0 -0.0547197 0.335978 0.00793481 0
0 0 0 -0.0547197 0.335978 0.00793481 0
0 0 0 -0.0547197 0.335978 0.00793481 0
0 0 0 -0.0547197 0.351604 0.00793481 0
0 0 0 -0.0547197 0.351604 0.00793481 0
0 0 0 -0.0547197 0.367229 0.00793481 0
0 0 0 -0.0547197 0.367229 0.00793481 0
0 0 0 -0.0547197 0.367229 0.00793481 0
0 0 0 -0.0547197 0.367229 0.00793481 0
0 0 0 -0.0547197 0.367229 0.00793481 0
0 0 0 -0.0547197 0.39848 0.00793481 0
0 0 0 -0.0547197 0.39848 0.00793481 0
0 0 0 -0.0547197 0.39848 0.00793481 0
0 0 0 -0.0547197 0.39848 0.00793481 0
0 0 0 -0.0547197 0.39848 0.00793481 0
0 0 0 -0.0547197 0.429731 0.00793481 0
0 0 0 -0.0547197 0.429731 0.00793481 0
0 0 0 -0.0547197 0.429731 0.00793481 0
0 0 0 -0.0547197 0.429731 0.00793481 0
0 0 0 -0.0547197 0.429731 0.00793481 0
0 0 0 -0.0547197 0.492233 0.00793481 0
0 0 0 -0.0547197 0.492233 0.00793481 0
0 0 0 -0.0547197 0.492233 0.00793481 0
0 0 0 -0.0547197 0.492233 0.00793481 0
0 0 0 -0.0547197 0.492233 0.00793481 0
0 0 0 -0.0703452 0.515671 0.00793481 0
0 0 0 -0.0703452 0.515671 0.00793481 0
0 0 0 -0.0703452 0.515671 0.00793481 0
0 0 0 -0.0703452 0.515671 0.00793481 0
0 0 0 -0.0703452 0.515671 0.00793481 0
0 0 0 -0.0703452 0.609424 0.00793481 0
0 0 0 -0.0703452 0.609424 0.00793481 0
0 0 0 -0.0703452 0.609424 0.00793481 0
0 0 0 -0.0703452 0.609424 0.00793481 0
0 0 0 -0.0703452 0.609424 0.00793481 0
0 0 0 -0.0859706 0.703177 0.00793481 0
0 0 0 -0.0859706 0.703177 0.00793481 0
0 0 0 -0.0859706 0.703177 0.00793481 0
0 0 0 -0.0859706 0.703177 0.00793481 0
0 0 0 -0.0859706 0.703177 0.00793481 0
0 0 0 -0.0859706 0.773492 0.00793481 0
0 0 0 -0.0859706 0.773492 0.00793481 0
0 0 0 -0.0859706 0.773492 0.00793481 0
0 0 0 -0.0859706 0.773492 0.00793481 0
0 0 0 -0.0859706 0.773492 0.00793481 0
0 0 0 -0.0859706 0.835994 0.00793481 0
0 0 0 -0.0859706 0.835994 0.00793481 0
0 0 0 -0.0859706 0.835994 0.00793481 0
0 0 0 -0.0859706 0.835994 0.00793481 0
0 0 0 -0.0859706 0.835994 0.00793481 0
0 0 0 -0.0859706 0.898495 0.00793481 0
0 0 0 -0.0859706 0.898495 0.00793481 0
0 0 0 -0.0859706 0.898495 0.00793481 0
0 0 0 -0.0859706 0.898495 0.00793481 0
0 0 0 -0.0859706 0.898495 0.00793481 0
0 0 0 -0.0859706 0.929746 0.00793481 0
0 0 0 -0.0859706 0.929746 0.00793481 0
0 0 0 -0.0859706 0.929746 0.00793481 0
0 0 0 -0.0859706 0.929746 0.00793481 0
0 0 0 -0.0859706 0.929746 0.00793481 0
0 0 0 -0.0859706 1.00003 0.00793481 0
0 0 0 -0.0859706 1.00003 0.00793481 0
0 0 0 -0.0859706 1.00003 0.00793481 0
0 0 0 -0.0859706 1.00003 0.00793481 0
0 0 0 -0.0859706 1.00003 0.00793481 0
0 0 0 -0.0859706 1.00003 0.00793481 0
0 0 0 -0.0859706 1.00003 0.00793481 0
0 0 0 -0.0859706 1.00003 0.00793481 0
0 0 0 -0.0859706 1.00003 0.00793481 0
0 0 0 -0.0859706 1.00003 0.00793481 0
0 0 0 -0.0859706 1.00003 0.00793481 0
0 0 0 -0.0859706 1.00003 0.00793481 0
0 0 0 -0.0859706 1.00003 0.00793481 0
0 0 0 -0.0859706 1.00003 0.00793481 0
0 0 0 -0.0859706 1.00003 0.00793481 0
0 0 0 -0.0859706 1.00003 0.00793481 0
0 0 0 -0.0859706 1.00003 0.00793481 0
0 0 0 -0.0859706 1.00003 0.00793481 0
0 0 0 -0.0859706 1.00003 0.00793481 0
0 0 0 -0.0859706 1.00003 0.00793481 0
0 0 0 -0.0859706 1.00003 0.00793481 0
0 0 0 -0.0859706 1.00003 0.00793481 0
0 0 0 -0.0859706 1.00003 0.00793481 0
0 0 0 -0.0859706 1.00003 0.00793481 0
0 0 0 -0.0859706 1.00003 0.00793481 0
0 0 0 -0.0859706 1.00003 0.00793481 0
0 0 0 -0.0859706 1.00003 0.00793481 0
0 0 0 -0.0859706 1.00003 0.00793481 0
0 0 0 -0.0859706 1.00003 0.00793481 0
0 0 0 -0.0859706 1.00003 0.00793481 0
0 0 0 -0.0859706 1.00003 0.00793481 0
0 0 0 -0.0859706 1.00003 0.00793481 0
0 0 0 -0.0859706 1.00003 0.00793481 0
0 0 0 -0.0859706 1.00003 0.00793481 0
0 0 0 -0.0859706 1.00003 0.00793481 0
0 0 0 -0.0859706 1.00003 0.00793481 0
0 0 0 -0.0859706 1.00003 0.00793481 0
0 0 0 -0.0859706 1.00003 0.00793481 0
0 0 0 -0.0859706 1.00003 0.00793481 0
0 0 0 -0.0859706 1.00003 0.00793481 0
0 0 0 -0.0859706 1.00003 0.00793481 0
0 0 0 -0.0859706 1.00003 0.00793481 0
0 0 0 -0.0859706 1.00003 0.00793481 0
0 0 0 -0.0859706 1.00003 0.00793481 0
0 0 0 -0.0859706 1.00003 0.00793481 0
0 0 0 -0.0859706 1.00003 0.00793481 0
0 0 0 -0.0859706 1.00003 0.00793481 0
0 0 0 -0.0859706 1.00003 0.00793481 0
0 0 0 -0.0859706 1.00003 0.00793481 0
0 0 0 -0.0859706 1.00003 0.00793481 0
0 0 0 -0.0859706 1.00003 0.00793481 0
0 0 0 -0.0859706 1.00003 0.00793481 0
0 0 0 -0.0859706 1.00003 0.00793481 0
0 0 0 -0.0859706 1.00003 0.00793481 0
0 0 0 -0.0859706 1.00003 0.00793481 0
0 0 0 -0.0859706 1.00003 0.00793481 0
0 0 0 -0.0859706 1.00003 0.00793481 0
0 0 0 -0.0859706 1.00003 0.00793481 0
0 0 0 -0.0859706 1.00003 0.00793481 0
0 0 0 -0.0859706 1.00003 0.00793481 0
0 0 0 -0.0859706 1.00003 0.00793481 0
0 0 0 -0.0859706 1.00003 0.00793481 0
0 0 0 -0.0859706 1.00003 0.00793481 0
0 0 0 -0.0859706 1.00003 0.00793481 0
0 0 0 -0.0859706 1.00003 0.00793481 0
0 0 0 -0.0859706 1.00003 0.00793481 0
0 0 0 -0.0859706 1.00003 0.00793481 0
0 0 0 -0.0859706 1.00003 0.00793481 0
0 0 0 -0.0859706 1.00003 0.00793481 0
0 0 0 -0.0859706 1.00003 0.00793481 0
0 0 0 -0.0859706 1.00003 0.00793481 0
0 0 0 -0.0859706 1.00003 0.00793481 0
0 0 0 -0.0859706 1.00003 0.00793481 0
0 0 0 -0.0859706 1.00003 0.00793481 0
0 0 0 -0.0859706 1.00003 0.00793481 0
0 0 0 -0.0859706 1.00003 0.00793481 0
0 0 0 -0.0859706 1.00003 0.00793481 0
0 0 0 -0.0859706 1.00003 0.00793481 0
0 0 0 -0.0859706 1.00003 0.00793481 0
0 0 0 -0.0859706 1.00003 0.00793481 0
0 0 0 -0.0859706 1.00003 0.00793481 0
0 0 0 -0.0859706 1.00003 0.00793481 0
0 0 0 -0.0859706 1.00003 0.00793481 0
0 0 0 -0.0859706 1.00003 0.00793481 0
0 0 0 -0.0859706 1.00003 0.00793481 0
0 0 0 -0.0859706 1.00003 0.00793481 0
0 0 0 -0.0859706 1.00003 0.00793481 0
0 0 0 -0.0859706 1.00003 0.00793481 0
0 0 0 -0.0859706 1.00003 0.00793481 0
0 0 0 -0.0859706 1.00003 0.00793481 0
0 0 0 -0.0859706 1.00003 0.00793481 0
0 0 0 -0.0859706 1.00003 0.00793481 0
0 0 0 -0.0859706 1.00003 0.00793481 0
0 0 0 -0.0859706 1.00003 0.00793481 0
0 0 0 -0.0859706 1.00003 0.00793481 0
0 0 0 -0.0859706 1.00003 0.00793481 0
0 0 0 -0.0859706 1.00003 0.00793481 0
0 0 0 -0.0859706 1.00003 0.00793481 0
0 0 0 -0.0859706 1.00003 0.00793481 0
0 0 0 -0.0859706 1.00003 0.00793481 0
0 0 0 -0.0859706 1.00003 0.00793481 0
0 0 0 -0.0859706 1.00003 0.00793481 0
0 0 0 -0.0859706 1.00003 0.00793481 0
0 0 0 -0.0859706 1.00003 0.00793481 0
0 0 0 -0.0859706 1.00003 0.00793481 0
0 0 0 -0.0859706 1.00003 0.00793481 0
0 0 0 -0.0859706 1.00003 0.00793481 0
0 0 0 -0.0859706 1.00003 0.00793481 0
0 0 0 -0.0859706 1.00003 0.00793481 0
0 0 0 -0.0859706 1.00003 0.00793481 0
0 0 0 -0.0859706 1.00003 0.00793481 0
0 0 0 -0.0859706 1.00003 0.00793481 0
0 0 0 -0.0859706 1.00003 0.00793481 0
0 0 0 -0.0859706 1.00003 0.00793481 0
0 0 0 -0.0859706 1.00003 0.00793481 0
0 0 0 -0.0859706 1.00003 0.00793481 0
0 0 0 -0.0859706 1.00003 0.00793481 0
0 0 0 -0.0859706 1.00003 0.00793481 0
0 0 0 -0.0859706 1.00003 0.00793481 0
0 0 0 -0.0859706 1.00003 0.00793481 0
0 0 0 -0.0859706 1.00003 0.00793481 0
0 0 0 -0.0859706 1.00003 0.00793481 0
0 0 0 -0.0859706 1.00003 0.00793481 0
0 0 0 -0.0859706 1.00003 0.00793481 0
0 0 0 -0.0859706 1.00003 0.00793481 0
0 0 0 -0.0859706 1.00003 0.00793481 0
0 0 0 -0.0859706 1.00003 0.00793481 0
0 0 0 -0.0859706 1.00003 0.00793481 0
0 0 0 -0.0859706 1.00003 0.00793481 0
0 0 0 -0.0859706 1.00003 0.00793481 0
0 0 0 -0.0859706 1.00003 0.00793481 0
0 0 0 -0.0859706 1.00003 0.00793481 0
0 0 0 -0.0859706 1.00003 0.00793481 0
0 0 0 -0.0859706 1.00003 0.00793481 0
0 0 0 -0.0859706 1.00003 0.00793481 0
0 0 0 -0.0859706 1.00003 0.00793481 0
0 0 0 -0.0859706 1.00003 0.00793481 0
0 0 0 -0.0859706 1.00003 0.00793481 0
0 0 0 -0.0859706 1.00003 0.00793481 0
0 0 0 -0.0859706 1.00003 0.00793481 0
0 0 0 -0.0859706 1.00003 0.00793481 0
0 0 0 -0.0859706 1.00003 0.00793481 0
0 0 0 -0.0859706 1.00003 0.00793481 0
0 0 0 -0.0859706 1.00003 0.00793481 0
0 0 0 -0.0859706 1.00003 0.00793481 0
0 0 0 -0.0859706 1.00003 0.00793481 0
0 0 0 -0.0859706 1.00003 0.00793481 0
0 0 0 -0.0859706 1.00003 0.00793481 0
0 0 0 -0.0859706 1.00003 0.00793481 0
0 0 0 -0.0859706 1.00003 0.00793481 0
0 0 0 -0.0859706 1.00003 0.00793481 0
0 0 0 -0.0859706 1.00003 0.00793481 0
0 0 0 -0.0859706 1.00003 0.00793481 0
0 0 0 -0.0859706 1.00003 0.00793481 0
0 0 0 -0.0859706 1.00003 0.00793481 0
0 0 0 -0.0859706 1.00003 0.00793481 0
0 0 0 -0.0859706 1.00003 0.00793481 0
0 0 0 -0.0859706 1.00003 0.00793481 0
0 0 0 -0.0859706 1.00003 0.00793481 0
0 0 0 -0.0859706 1.00003 0.00793481 0
0 0 0 -0.0859706 1.00003 0.00793481 0
0 0 0 -0.0859706 1.00003 0.00793481 0
0 0 0 -0.0859706 1.00003 0.00793481 0
0 0 0 -0.0859706 1.00003 0.00793481 0
0 0 0 -0.0859706 1.00003 0.00793481 0
0 0 0 -0.0859706 1.00003 0.00793481 0
0 0 0 -0.0859706 1.00003 0.00793481 0
0 0 0 -0.0859706 1.00003 0.00793481 0
0 0 0 -0.0859706 1.00003 0.00793481 0
0 0 0 -0.0859706 1.00003 0.00793481 0
0 0 0 -0.0859706 1.00003 0.00793481 0
0 0 0 -0.0859706 1.00003 0.00793481 0
0 0 0 -0.0859706 1.00003 0.00793481 0
0 0 0 -0.0859706 1.00003 0.00793481 0
0 0 0 -0.0859706 1.00003 0.00793481 0
0 0 0 -0.0859706 1.00003 0.00793481 0
0 0 0 -0.0859706 1.00003 0.00793481 0
0 0 0 -0.0859706 1.00003 0.00793481 0
0 0 0 -0.0859706 1.00003 0.00793481 0
0 0 0 -0.0859706 1.00003 0.00793481 0
0 0 0 -0.0859706 1.00003 0.00793481 0
0 0 0 -0.0859706 1.00003 0.00793481 0
0 0 0 -0.0859706 1.00003 0.00793481 0
0 0 0 -0.0859706 1.00003 0.00793481 0
0 0 0 -0.0859706 1.00003 0.00793481 0
0 0 0 -0.0859706 1.00003 0.00793481 0
0 0 0 -0.0859706 1.00003 0.00793481 0
0 0 0 -0.0859706 1.00003 0.00793481 0
0 0 0 -0.0859706 1.00003 0.00793481 0
0 0 0 -0.0859706 1.00003 0.00793481 0
0 0 0 -0.0859706 1.00003 0.00793481 0
0 0 0 -0.0859706 1.00003 0.00793481 0
0 0 0 -0.0859706 1.00003 0.00793481 0
0 0 0 -0.0859706 1.00003 0.00793481 0
0 0 0 -0.0859706 1.00003 0.00793481 0
0 0 0 -0.0859706 1.00003 0.00793481 0
0 0 0 -0.0859706 1.00003 0.00793481 0
0 0 0 -0.0859706 1.00003 0.00793481 0
0 0 0 -0.0859706 1.00003 0.00793481 0
0 0 0 -0.0859706 1.00003 0.00793481 0
0 0 0 -0.0859706 1.00003 0.00793481 0
0 0 0 -0.0859706 1.00003 0.00793481 0
0 0 0 -0.0859706 1.00003 0.00793481 0
0 0 0 -0.0859706 1.00003 0.00793481 0
0 0 0 -0.0859706 1.00003 0.00793481 0
0 0 0 -0.0859706 1.00003 0.00793481 0
0 0 0 -0.0859706 1.00003 0.00793481 0
0 0 0 -0.0859706 1.00003 0.00793481 0
0 0 0 -0.0859706 1.00003 0.00793481 0
0 0 0 -0.0859706 1.00003 0.00793481 0
0 0 0 -0.0859706 1.00003 0.00793481 0
0 0 0 -0.0859706 1.00003 0.00793481 0
0 0 0 -0.0859706 1.00003 0.00793481 0
0 0 0 -0.0859706 1.00003 0.00793481 0
0 0 0 -0.0859706 1.00003 0.00793481 0
0 0 0 -0.0390942 1.00003 0.00793481 0
0 0 0 -0.0390942 1.00003 0.00793481 0
0 0 0 -0.0390942 1.00003 0.00793481 0
0 0 0 -0.0390942 1.00003 0.00793481 0
0 0 0 -0.0390942 1.00003 0.00793481 0
0 0 0 -0.0234687 1.00003 0.00793481 0
0 0 0 -0.0234687 1.00003 0.00793481 0
0 0 0 -0.0234687 1.00003 0.00793481 0
0 0 0 -0.0234687 1.00003 0.00793481 0
0 0 0 -0.0234687 1.00003 0.00793481 0
0 0 0 -0.00784326 1.00003 0.00793481 0
0 0 0 -0.00784326 1.00003 0.00793481 0
0 0 0 -0.00784326 1.00003 0.00793481 0
0 0 0 -0.00784326 1.00003 0.00793481 0
0 0 0 -0.00784326 1.00003 0.00793481 0
0 0 0 -3.05185e-005 1.00003 0.00793481 0
0 0 0 -3.05185e-005 1.00003 0.00793481 0
0 0 0 -3.05185e-005 1.00003 0.00793481 0
0 0 0 -3.05185e-005 1.00003 0.00793481 0
0 0 0 -3.05185e-005 1.00003 0.00793481 0
0 0 0 -3.05185e-005 1.00003 0.00793481 0
0 0 0 -3.05185e-005 1.00003 0.00793481 0
0 0 0 -3.05185e-005 1.00003 0.00793481 0
0 0 0 -3.05185e-005 1.00003 0.00793481 0
0 0 0 -3.05185e-005 1.00003 0.00793481 0
0 0 0 -3.05185e-005 1.00003 0.00793481 0
0 0 0 -3.05185e-005 1.00003 0.00793481 0
0 0 0 -3.05185e-005 1.00003 0.00793481 0
0 0 0 -3.05185e-005 1.00003 0.00793481 0
0 0 0 -3.05185e-005 1.00003 0.00793481 0
0 0 0 -3.05185e-005 1.00003 0.00793481 0
0 0 0 -3.05185e-005 1.00003 0.00793481 0
0 0 0 -3.05185e-005 1.00003 0.00793481 0
0 0 0 -3.05185e-005 1.00003 0.00793481 0
0 0 0 -3.05185e-005 1.00003 0.00793481 0
0 0 0 -3.05185e-005 1.00003 0.00793481 0
0 0 0 -3.05185e-005 1.00003 0.00793481 0
0 0 0 -3.05185e-005 1.00003 0.00793481 0
0 0 0 -3.05185e-005 1.00003 0.00793481 0
0 0 0 -3.05185e-005 1.00003 0.00793481 0
0 0 0 -3.05185e-005 0.976623 0.00793481 0
0 0 0 -3.05185e-005 0.976623 0.00793481 0
0 0 0 -3.05185e-005 0.976623 0.00793481 0
0 0 0 -3.05185e-005 0.976623 0.00793481 0
0 0 0 -3.05185e-005 0.976623 0.00793481 0
0 0 0 -3.05185e-005 0.960997 0.00793481 0
0 0 0 -3.05185e-005 0.960997 0.00793481 0
0 0 0 -3.05185e-005 0.960997 0.00793481 0
0 0 0 -3.05185e-005 0.960997 0.00793481 0
0 0 0 -3.05185e-005 0.960997 0.00793481 0
0 0 0 -3.05185e-005 0.960997 0.00793481 0
0 0 0 -3.05185e-005 0.960997 0.00793481 0
0 0 0 -3.05185e-005 0.960997 0.00793481 0
0 0 0 -3.05185e-005 0.960997 0.00793481 0
0 0 0 -3.05185e-005 0.960997 0.00793481 0
0 0 0 -3.05185e-005 0.960997 0.00793481 0
0 0 0 -3.05185e-005 0.960997 0.00793481 0
0 0 0 -3.05185e-005 0.960997 0.00793481 0
0 0 0 -3.05185e-005 0.960997 0.00793481 0
0 0 0 -3.05185e-005 0.960997 0.00793481 0
0 0 0 -3.05185e-005 0.960997 0.00793481 0
0 0 0 -3.05185e-005 0.960997 0.00793481 0
0 0 0 -3.05185e-005 0.960997 0.00793481 0
0 0 0 -3.05185e-005 0.960997 0.00793481 0
0 0 0 -3.05185e-005 0.960997 0.00793481 0
0 0 0 -3.05185e-005 0.960997 0.00793481 0
0 0 0 -3.05185e-005 0.960997 0.00793481 0
0 0 0 -3.05185e-005 0.960997 0.00793481 0
0 0 0 -3.05185e-005 0.960997 0.00793481 0
0 0 0 -3.05185e-005 0.960997 0.00793481 0
0 0 0 -3.05185e-005 0.960997 0.00793481 0
0 0 0 -3.05185e-005 0.960997 0.00793481 0
0 0 0 -3.05185e-005 0.960997 0.00793481 0
0 0 0 -3.05185e-005 0.960997 0.00793481 0
0 0 0 -3.05185e-005 0.960997 0.00793481 0
0 0 0 -3.05185e-005 0.945372 0.00793481 0
0 0 0 -3.05185e-005 0.945372 0.00793481 0
0 0 0 -3.05185e-005 0.945372 0.00793481 0
0 0 0 -3.05185e-005 0.945372 0.00793481 0
0 0 0 -3.05185e-005 0.945372 0.00793481 0
0 0 0 -3.05185e-005 0.945372 0.00793481 0
0 0 0 -3.05185e-005 0.945372 0.00793481 0
0 0 0 -3.05185e-005 0.945372 0.00793481 0
0 0 0 -3.05185e-005 0.945372 0.00793481 0
0 0 0 -3.05185e-005 0.945372 0.00793481 0
0 0 0 -3.05185e-005 0.945372 0.00793481 0
0 0 0 -3.05185e-005 0.945372 0.00793481 0
0 0 0 -3.05185e-005 0.945372 0.00793481 0
0 0 0 -3.05185e-005 0.945372 0.00793481 0
0 0 0 -3.05185e-005 0.945372 0.00793481 0
0 0 0 -3.05185e-005 0.945372 0.00793481 0
0 0 0 -3.05185e-005 0.945372 0.00793481 0
0 0 0 -3.05185e-005 0.945372 0.00793481 0
0 0 0 -3.05185e-005 0.945372 0.00793481 0
0 0 0 -3.05185e-005 0.945372 0.00793481 0
0 0 0 -3.05185e-005 0.945372 0.00793481 0
0 0 0 -3.05185e-005 0.945372 0.00793481 0
0 0 0 -3.05185e-005 0.945372 0.00793481 0
0 0 0 -3.05185e-005 0.945372 0.00793481 0
0 0 0 -3.05185e-005 0.945372 0.00793481 0
0 0 0 -3.05185e-005 0.945372 0.00793481 0
0 0 0 -3.05185e-005 0.945372 0.00793481 0
0 0 0 -3.05185e-005 0.945372 0.00793481 0
0 0 0 -3.05185e-005 0.945372 0.00793481 0
0 0 0 -3.05185e-005 0.945372 0.00793481 0
0 0 0 -3.05185e-005 0.945372 0.00793481 0
0 0 0 -3.05185e-005 0.945372 0.00793481 0
0 0 0 -3.05185e-005 0.945372 0.00793481 0
0 0 0 -3.05185e-005 0.945372 0.00793481 0
0 0 0 -3.05185e-005 0.945372 0.00793481 0
0 0 0 -3.05185e-005 0.945372 0.00793481 0
0 0 0 -3.05185e-005 0.945372 0.00793481 0
0 0 0 -3.05185e-005 0.945372 0.00793481 0
0 0 0 -3.05185e-005 0.945372 0.00793481 0
0 0 0 -3.05185e-005 0.945372 0.00793481 0
0 0 0 -3.05185e-005 0.945372 0.00793481 0
0 0 0 -3.05185e-005 0.945372 0.00793481 0
0 0 0 -3.05185e-005 0.945372 0.00793481 0
0 0 0 -3.05185e-005 0.945372 0.00793481 0
0 0 0 -3.05185e-005 0.945372 0.00793481 0
0 0 0 -3.05185e-005 0.929746 0.00793481 0
0 0 0 -3.05185e-005 0.929746 0.00793481 0
0 0 0 -3.05185e-005 0.929746 0.00793481 0
0 0 0 -3.05185e-005 0.929746 0.00793481 0
0 0 0 -3.05185e-005 0.929746 0.00793481 0
0 0 0 -3.05185e-005 0.929746 0.00793481 0
0 0 0 -3.05185e-005 0.929746 0.00793481 0
0 0 0 -3.05185e-005 0.929746 0.00793481 0
0 0 0 -3.05185e-005 0.929746 0.00793481 0
0 0 0 -3.05185e-005 0.929746 0.00793481 0
0 0 0 -3.05185e-005 0.929746 0.00793481 0
0 0 0 -3.05185e-005 0.929746 0.00793481 0
0 0 0 -3.05185e-005 0.929746 0.00793481 0
0 0 0 -3.05185e-005 0.929746 0.00793481 0
0 0 0 -3.05185e-005 0.929746 0.00793481 0
0 0 0 -3.05185e-005 0.929746 0.00793481 0
0 0 0 -3.05185e-005 0.929746 0.00793481 0
0 0 0 -3.05185e-005 0.929746 0.00793481 0
0 0 0 -3.05185e-005 0.929746 0.00793481 0
0 0 0 -3.05185e-005 0.929746 0.00793481 0
0 0 0 -3.05185e-005 0.929746 0.00793481 0
0 0 0 -3.05185e-005 0.929746 0.00793481 0
0 0 0 -3.05185e-005 0.929746 0.00793481 0
0 0 0 -3.05185e-005 0.929746 0.00793481 0
0 0 0 -3.05185e-005 0.929746 0.00793481 0
0 0 0 -3.05185e-005 0.929746 0.00793481 0
0 0 0 -3.05185e-005 0.929746 0.00793481 0
0 0 0 -3.05185e-005 0.929746 0.00793481 0
0 0 0 -3.05185e-005 0.929746 0.00793481 0
0 0 0 -3.05185e-005 0.929746 0.00793481 0
0 0 0 -3.05185e-005 0.929746 0.00793481 0
0 0 0 -3.05185e-005 0.929746 0.00793481 0
0 0 0 -3.05185e-005 0.929746 0.00793481 0
0 0 0 -3.05185e-005 0.929746 0.00793481 0
0 0 0 -3.05185e-005 0.929746 0.00793481 0
0 0 0 -3.05185e-005 0.929746 0.00793481 0
0 0 0 -3.05185e-005 0.929746 0.00793481 0
0 0 0 -3.05185e-005 0.929746 0.00793481 0
0 0 0 -3.05185e-005 0.929746 0.00793481 0
0 0 0 -3.05185e-005 0.929746 0.00793481 0
0 0 0 -3.05185e-005 0.929746 0.00793481 0
0 0 0 -3.05185e-005 0.929746 0.00793481 0
0 0 0 -3.05185e-005 0.929746 0.00793481 0
0 0 0 -3.05185e-005 0.929746 0.00793481 0
0 0 0 -3.05185e-005 0.929746 0.00793481 0
0 0 0 -3.05185e-005 0.929746 0.00793481 0
0 0 0 -3.05185e-005 0.929746 0.00793481 0
0 0 0 -3.05185e-005 0.929746 0.00793481 0
0 0 0 -3.05185e-005 0.929746 0.00793481 0
0 0 0 -3.05185e-005 0.929746 0.00793481 0
0 0 0 -3.05185e-005 0.929746 0.00793481 0
0 0 0 -3.05185e-005 0.929746 0.00793481 0
0 0 0 -3.05185e-005 0.929746 0.00793481 0
0 0 0 -3.05185e-005 0.929746 0.00793481 0
0 0 0 -3.05185e-005 0.929746 0.00793481 0
0 0 0 -3.05185e-005 0.929746 0.00793481 0
0 0 0 -3.05185e-005 0.929746 0.00793481 0
0 0 0 -3.05185e-005 0.929746 0.00793481 0
0 0 0 -3.05185e-005 0.929746 0.00793481 0
0 0 0 -3.05185e-005 0.929746 0.00793481 0
0 0 0 -3.05185e-005 0.929746 0.00793481 0
0 0 0 -3.05185e-005 0.929746 0.00793481 0
0 0 0 -3.05185e-005 0.929746 0.00793481 0
0 0 0 -3.05185e-005 0.929746 0.00793481 0
0 0 0 -3.05185e-005 0.929746 0.00793481 0
0 0 0 -3.05185e-005 0.929746 0.00793481 0
0 0 0 -3.05185e-005 0.929746 0.00793481 0
0 0 0 -3.05185e-005 0.929746 0.00793481 0
0 0 0 -3.05185e-005 0.929746 0.00793481 0
0 0 0 -3.05185e-005 0.929746 0.00793481 0
0 0 0 -3.05185e-005 0.914121 0.00793481 0
0 0 0 -3.05185e-005 0.914121 0.00793481 0
0 0 0 -3.05185e-005 0.914121 0.00793481 0
0 0 0 -3.05185e-005 0.914121 0.00793481 0
0 0 0 -3.05185e-005 0.914121 0.00793481 0
0 0 0 -3.05185e-005 0.898495 0.00793481 0
0 0 0 -3.05185e-005 0.898495 0.00793481 0
0 0 0 -3.05185e-005 0.898495 0.00793481 0
0 0 0 -3.05185e-005 0.898495 0.00793481 0
0 0 0 -3.05185e-005 0.898495 0.00793481 0
0 0 0 -3.05185e-005 0.867244 0.00793481 0
0 0 0 -3.05185e-005 0.867244 0.00793481 0
0 0 0 -3.05185e-005 0.867244 0.00793481 0
0 0 0 -3.05185e-005 0.867244 0.00793481 0
0 0 0 -3.05185e-005 0.867244 0.00793481 0
0 0 0 -0.0234687 0.867244 0.00793481 0
0 0 0 -0.0234687 0.867244 0.00793481 0
0 0 0 -0.0234687 0.867244 0.00793481 0
0 0 0 -0.0234687 0.867244 0.00793481 0
0 0 0 -0.0234687 0.867244 0.00793481 0
0 0 0 -0.0390942 0.835994 0.00793481 0
0 0 0 -0.0390942 0.835994 0.00793481 0
0 0 0 -0.0390942 0.835994 0.00793481 0
0 0 0 -0.0390942 0.835994 0.00793481 0
0 0 0 -0.0390942 0.835994 0.00793481 0
0 0 0 -0.0547197 0.789117 0.00793481 0
0 0 0 -0.0547197 0.789117 0.00793481 0
0 0 0 -0.0547197 0.789117 0.00793481 0
0 0 0 -0.0547197 0.789117 0.00793481 0
0 0 0 -0.0547197 0.789117 0.00793481 0
0 0 0 -0.0703452 0.742241 0.00793481 0
0 0 0 -0.0703452 0.742241 0.00793481 0
0 0 0 -0.0703452 0.742241 0.00793481 0
0 0 0 -0.0703452 0.742241 0.00793481 0
0 0 0 -0.0703452 0.742241 0.00793481 0
0 0 0 -0.0703452 0.62505 0.00793481 0
0 0 0 -0.0703452 0.62505 0.00793481 0
0 0 0 -0.0703452 0.62505 0.00793481 0
0 0 0 -0.0703452 0.62505 0.00793481 0
0 0 0 -0.0703452 0.62505 0.00793481 0
0 0 0 -0.0703452 0.562548 0.00793481 0
0 0 0 -0.0703452 0.562548 0.00793481 0
0 0 0 -0.0703452 0.562548 0.00793481 0
0 0 0 -0.0703452 0.562548 0.00793481 0
0 0 0 -0.0703452 0.562548 0.00793481 0
0 0 0 -0.0703452 0.515671 0.00793481 0
0 0 0 -0.0703452 0.515671 0.00793481 0
0 0 0 -0.0703452 0.515671 0.00793481 0
0 0 0 -0.0703452 0.515671 0.00793481 0
0 0 0 -0.0703452 0.515671 0.00793481 0
0 0 0 -0.0703452 0.429731 0.00793481 0
0 0 0 -0.0703452 0.429731 0.00793481 0
0 0 0 -0.0703452 0.429731 0.00793481 0
0 0 0 -0.0703452 0.429731 0.00793481 0
0 0 0 -0.0703452 0.382855 0.00793481 0
0 0 0 -0.0703452 0.335978 0.00793481 0
0 0 0 -0.0703452 0.335978 0.00793481 0
0 0 0 -0.0703452 0.335978 0.00793481 0
0 0 0 -0.0703452 0.335978 0.00793481 0
0 0 0 -0.0703452 0.335978 0.00793481 0
0 0 0 -0.0703452 0.250038 0.00793481 0
0 0 0 -0.0703452 0.250038 0.00793481 0
0 0 0 -0.0703452 0.250038 0.00793481 0
0 0 0 -0.0703452 0.250038 0.00793481 0
0 0 0 -0.0703452 0.203162 0.00793481 0
0 0 0 -0.0390942 0.156285 0.00793481 0
0 0 0 -0.0390942 0.156285 0.00793481 0
0 0 0 -0.00784326 0.0937834 0.00793481 0
0 0 0 -0.00784326 0.0937834 0.00793481 0
0 0 0 -0.00784326 0.0937834 0.00793481 0
0 0 0 -3.05185e-005 0.0625324 0.00793481 0
0 0 0 -3.05185e-005 0.0625324 0.00793481 0
0 0 0 -3.05185e-005 0.0625324 0.00793481 0
0 0 0 -3.05185e-005 0.0312815 0.00793481 0
0 0 0 -3.05185e-005 0.0312815 0.00793481 0
0 0 0 -3.05185e-005 0.015656 0.00793481 0
0 0 0 -3.05185e-005 0.00784326 0.00793481 0
0 0 0 -3.05185e-005 0.00784326 0.00793481 0
0 0 0 -3.05185e-005 0.00784326 0.00793481 0
0 0 0 -3.05185e-005 0.00784326 0.00793481 0
0 0 0 -3.05185e-005 3.05185e-005 0.00793481 0
0 0 0 -3.05185e-005 3.05185e-005 0.00793481 0
0 0 0 -3.05185e-005 3.05185e-005 0.00793481 0
0 0 0 -3.05185e-005 3.05185e-005 0.00793481 0
0 0 0 -3.05185e-005 3.05185e-005 0.00793481 0
0 0 0 -0.0234687 3.05185e-005 0.00793481 0
0 0 0 -0.0547197 3.05185e-005 0.00793481 0
0 0 0 -0.0547197 3.05185e-005 0.00793481 0
0 0 0 -0.0547197 3.05185e-005 0.00793481 0
0 0 0 -0.0547197 3.05185e-005 0.00793481 0
0 0 0 -0.0703452 3.05185e-005 0.00793481 0
0 0 0 -0.0703452 3.05185e-005 0.00793481 0
0 0 0 -0.0703452 3.05185e-005 0.00793481 0
0 0 0 -0.0703452 3.05185e-005 0.00793481 0
0 0 0 -0.0703452 3.05185e-005 0.00793481 0
0 0 0 -0.0859706 -0.0872829 0.00793481 0
0 0 0 -0.0859706 -0.0872829 0.00793481 0
0 0 0 -0.0859706 -0.0872829 0.00793481 0
0 0 0 -0.0859706 -0.0872829 0.00793481 0
0 0 0 -0.0859706 -0.0872829 0.00793481 0
0 0 0 -0.0859706 -0.166662 0.00793481 0
0 0 0 -0.0859706 -0.166662 0.00793481 0
0 0 0 -0.0859706 -0.166662 0.00793481 0
0 0 0 -0.0859706 -0.166662 0.00793481 0
0 0 0 -0.0859706 -0.166662 0.00793481 0
0 0 0 -0.0859706 -0.198401 0.00793481 0
0 0 0 -0.0859706 -0.198401 0.00793481 0
0 0 0 -0.0859706 -0.198401 0.00793481 0
0 0 0 -0.0859706 -0.198401 0.00793481 0
0 0 0 -0.0859706 -0.198401 0.00793481 0
0 0 0 -0.0859706 -0.238075 0.00793481 0
0 0 0 -0.0859706 -0.238075 0.00793481 0
0 0 0 -0.0859706 -0.238075 0.00793481 0
0 0 0 -0.0859706 -0.238075 0.00793481 0
0 0 0 -0.0859706 -0.238075 0.00793481 0
0 0 0 -0.0859706 -0.269814 0.00793481 0
0 0 0 -0.0859706 -0.269814 0.00793481 0
0 0 0 -0.0859706 -0.269814 0.00793481 0
0 0 0 -0.0859706 -0.269814 0.00793481 0
0 0 0 -0.0859706 -0.269814 0.00793481 0
0 0 0 -0.0859706 -0.309519 0.00793481 0
0 0 0 -0.0859706 -0.309519 0.00793481 0
0 0 0 -0.0859706 -0.309519 0.00793481 0
0 0 0 -0.0859706 -0.309519 0.00793481 0
0 0 0 -0.0859706 -0.309519 0.00793481 0
0 0 0 -0.0859706 -0.380932 0.00793481 0
0 0 0 -0.0859706 -0.380932 0.00793481 0
0 0 0 -0.0859706 -0.380932 0.00793481 0
0 0 0 -0.0859706 -0.380932 0.00793481 0
0 0 0 -0.0859706 -0.380932 0.00793481 0
0 0 0 -0.0859706 -0.404736 0.00793481 0
0 0 0 -0.0859706 -0.404736 0.00793481 0
0 0 0 -0.0859706 -0.404736 0.00793481 0
0 0 0 -0.0859706 -0.404736 0.00793481 0
0 0 0 -0.0859706 -0.404736 0.00793481 0
0 0 0 -0.0859706 -0.49205 0.00793481 0
0 0 0 -0.0859706 -0.49205 0.00793481 0
0 0 0 -0.0859706 -0.49205 0.00793481 0
0 0 0 -0.0859706 -0.49205 0.00793481 0
0 0 0 -0.0859706 -0.49205 0.00793481 0
0 0 0 -0.0547197 -0.531724 0.00793481 0
0 0 0 -0.0547197 -0.531724 0.00793481 0
0 0 0 -0.0547197 -0.531724 0.00793481 0
0 0 0 -0.0547197 -0.531724 0.00793481 0
0 0 0 -0.0547197 -0.531724 0.00793481 0
0 0 0 -0.0547197 -0.603168 0.00793481 0
0 0 0 -0.0547197 -0.603168 0.00793481 0
0 0 0 -0.0547197 -0.603168 0.00793481 0
0 0 0 -0.0547197 -0.603168 0.00793481 0
0 0 0 -0.0547197 -0.603168 0.00793481 0
0 0 0 -0.0703452 -0.603168 0.00793481 0
0 0 0 -0.0703452 -0.603168 0.00793481 0
0 0 0 -0.0703452 -0.603168 0.00793481 0
0 0 0 -0.0703452 -0.603168 0.00793481 0
0 0 0 -0.0703452 -0.603168 0.00793481 0
0 0 0 -0.0703452 -0.603168 0.00793481 0
0 0 0 -0.0703452 -0.603168 0.00793481 0
0 0 0 -0.0703452 -0.603168 0.00793481 0
0 0 0 -0.0703452 -0.603168 0.00793481 0
0 0 0 -0.0703452 -0.603168 0.00793481 0
0 0 0 -0.0859706 -0.611103 0.00793481 0
0 0 0 -0.0859706 -0.611103 0.00793481 0
0 0 0 -0.0859706 -0.611103 0.00793481 0
0 0 0 -0.0859706 -0.611103 0.00793481 0
0 0 0 -0.0859706 -0.611103 0.00793481 0
0 0 0 -0.0859706 -0.611103 0.00793481 0
0 0 0 -0.0859706 -0.611103 0.00793481 0
0 0 0 -0.0859706 -0.611103 0.00793481 0
0 0 0 -0.0859706 -0.611103 0.00793481 0
0 0 0 -0.0859706 -0.611103 0.00793481 0
0 0 0 -0.0859706 -0.611103 0.00793481 0
0 0 0 -0.0859706 -0.611103 0.00793481 0
0 0 0 -0.0859706 -0.611103 0.00793481 0
0 0 0 -0.0859706 -0.626972 0.00793481 0
0 0 0 -0.0859706 -0.626972 0.00793481 0
0 0 0 -0.0859706 -0.626972 0.00793481 0
0 0 0 -0.0859706 -0.626972 0.00793481 0
0 0 0 -0.0859706 -0.626972 0.00793481 0
0 0 0 -0.0859706 -0.626972 0.00793481 0
0 0 0 -0.0859706 -0.626972 0.00793481 0
0 0 0 -0.0859706 -0.626972 0.00793481 0
0 0 0 -0.0859706 -0.626972 0.00793481 0
0 0 0 -0.0859706 -0.626972 0.00793481 0
0 0 0 -0.0859706 -0.626972 0.00793481 0
0 0 0 -0.0859706 -0.626972 0.00793481 0
0 0 0 -0.0859706 -0.626972 0.00793481 0
0 0 0 -0.0859706 -0.626972 0.00793481 0
0 0 0 -0.0859706 -0.626972 0.00793481 0
0 0 0 -0.0859706 -0.642842 0.00793481 0
0 0 0 -0.0859706 -0.642842 0.00793481 0
0 0 0 -0.0859706 -0.642842 0.00793481 0
0 0 0 -0.0859706 -0.642842 0.00793481 0
0 0 0 -0.0859706 -0.642842 0.00793481 0
0 0 0 -0.0859706 -0.642842 0.00793481 0
0 0 0 -0.0859706 -0.642842 0.00793481 0
0 0 0 -0.0859706 -0.642842 0.00793481 0
0 0 0 -0.0859706 -0.642842 0.00793481 0
0 0 0 -0.0859706 -0.642842 0.00793481 0
0 0 0 -0.0859706 -0.642842 0.00793481 0
0 0 0 -0.0859706 -0.642842 0.00793481 0
0 0 0 -0.0859706 -0.642842 0.00793481 0
0 0 0 -0.0859706 -0.642842 0.00793481 0
0 0 0 -0.0859706 -0.642842 0.00793481 0
0 0 0 -0.0859706 -0.642842 0.00793481 0
0 0 0 -0.0859706 -0.642842 0.00793481 0
0 0 0 -0.0859706 -0.642842 0.00793481 0
0 0 0 -0.0859706 -0.642842 0.00793481 0
0 0 0 -0.0859706 -0.642842 0.00793481 0
0 0 0 -0.0859706 -0.642842 0.00793481 0
0 0 0 -0.0859706 -0.642842 0.00793481 0
0 0 0 -0.0859706 -0.642842 0.00793481 0
0 0 0 -0.0859706 -0.642842 0.00793481 0
0 0 0 -0.0859706 -0.642842 0.00793481 0
0 0 0 -0.0859706 -0.642842 0.00793481 0
0 0 0 -0.0859706 -0.642842 0.00793481 0
0 0 0 -0.0859706 -0.642842 0.00793481 0
0 0 0 -0.0859706 -0.642842 0.00793481 0
0 0 0 -0.0859706 -0.642842 0.00793481 0
0 0 0 -0.0859706 -0.642842 0.00793481 0
0 0 0 -0.0859706 -0.642842 0.00793481 0
0 0 0 -0.0859706 -0.658711 0.00793481 0
0 0 0 -0.0859706 -0.658711 0.00793481 0
0 0 0 -0.0859706 -0.658711 0.00793481 0
0 0 0 -0.0859706 -0.658711 0.00793481 0
0 0 0 -0.0859706 -0.658711 0.00793481 0
0 0 0 -0.0547197 -0.698386 0.00793481 0
0 0 0 -0.0547197 -0.698386 0.00793481 0
0 0 0 -0.0547197 -0.698386 0.00793481 0
0 0 0 -0.0547197 -0.698386 0.00793481 0
0 0 0 -0.0547197 -0.698386 0.00793481 0
0 0 0 -0.101596 -0.714286 0.00793481 0
0 0 0 -0.101596 -0.714286 0.00793481 0
0 0 0 -0.101596 -0.714286 0.00793481 0
0 0 0 -0.101596 -0.714286 0.00793481 0
0 0 0 -0.101596 -0.714286 0.00793481 0
0 0 0 -0.101596 -0.722221 0.00793481 0
0 0 0 -0.101596 -0.722221 0.00793481 0
0 0 0 -0.101596 -0.722221 0.00793481 0
0 0 0 -0.101596 -0.722221 0.00793481 0
0 0 0 -0.101596 -0.722221 0.00793481 0
0 0 0 -0.101596 -0.722221 0.00793481 0
0 0 0 -0.101596 -0.722221 0.00793481 0
0 0 0 -0.101596 -0.722221 0.00793481 0
0 0 0 -0.101596 -0.722221 0.00793481 0
0 0 0 -0.101596 -0.722221 0.00793481 0
0 0 0 -0.101596 -0.722221 0.00793481 0
0 0 0 -0.101596 -0.722221 0.00793481 0
0 0 0 -0.101596 -0.722221 0.00793481 0
0 0 0 -0.101596 -0.722221 0.00793481 0
0 0 0 -0.101596 -0.722221 0.00793481 0
0 0 0 -0.101596 -0.73809 0.00793481 0
0 0 0 -0.101596 -0.73809 0.00793481 0
0 0 0 -0.101596 -0.73809 0.00793481 0
0 0 0 -0.101596 -0.73809 0.00793481 0
0 0 0 -0.101596 -0.73809 0.00793481 0
0 0 0 -0.101596 -0.73809 0.00793481 0
0 0 0 -0.101596 -0.73809 0.00793481 0
0 0 0 -0.101596 -0.73809 0.00793481 0
0 0 0 -0.101596 -0.73809 0.00793481 0
0 0 0 -0.101596 -0.73809 0.00793481 0
0 0 0 -0.101596 -0.73809 0.00793481 0
0 0 0 -0.101596 -0.73809 0.00793481 0
0 0 0 -0.101596 -0.73809 0.00793481 0
0 0 0 -0.101596 -0.73809 0.00793481 0
0 0 0 -0.101596 -0.73809 0.00793481 0
0 0 0 -0.101596 -0.73809 0.00793481 0
0 0 0 -0.101596 -0.73809 0.00793481 0
0 0 0 -0.101596 -0.73809 0.00793481 0
0 0 0 -0.101596 -0.73809 0.00793481 0
0 0 0 -0.101596 -0.73809 0.00793481 0
0 0 0 -0.101596 -0.73809 0.00793481 0
0 0 0 -0.101596 -0.73809 0.00793481 0
0 0 0 -0.101596 -0.73809 0.00793481 0
0 0 0 -0.101596 -0.73809 0.00793481 0
0 0 0 -0.101596 -0.73809 0.00793481 0
0 0 0 -0.101596 -0.73809 0.00793481 0
0 0 0 -0.101596 -0.73809 0.00793481 0
0 0 0 -0.101596 -0.73809 0.00793481 0
0 0 0 -0.101596 -0.73809 0.00793481 0
0 0 0 -0.101596 -0.73809 0.00793481 0
0 0 0 -0.101596 -0.73809 0.00793481 0
0 0 0 -0.101596 -0.73809 0.00793481 0
0 0 0 -0.101596 -0.73809 0.00793481 0
0 0 0 -0.101596 -0.73809 0.00793481 0
0 0 0 -0.101596 -0.73809 0.00793481 0
0 0 0 -0.101596 -0.73809 0.00793481 0
0 0 0 -0.101596 -0.73809 0.00793481 0
0 0 0 -0.101596 -0.73809 0.00793481 0
0 0 0 -0.101596 -0.73809 0.00793481 0
0 0 0 -0.101596 -0.73809 0.00793481 0
0 0 0 -0.101596 -0.73809 0.00793481 0
0 0 0 -0.101596 -0.73809 0.00793481 0
0 0 0 -0.101596 -0.73809 0.00793481 0
0 0 0 -0.101596 -0.73809 0.00793481 0
0 0 0 -0.101596 -0.73809 0.00793481 0
0 0 0 -0.101596 -0.73809 0.00793481 0
0 0 0 -0.101596 -0.73809 0.00793481 0
0 0 0 -0.101596 -0.73809 0.00793481 0
0 0 0 -0.101596 -0.73809 0.00793481 0
0 0 0 -0.101596 -0.73809 0.00793481 0
0 0 0 -0.101596 -0.73809 0.00793481 0
0 0 0 -0.101596 -0.73809 0.00793481 0
0 0 0 -0.101596 -0.73809 0.00793481 0
0 0 0 -0.101596 -0.73809 0.00793481 0
0 0 0 -0.101596 -0.73809 0.00793481 0
0 0 0 -0.101596 -0.73809 0.00793481 0
0 0 0 -0.101596 -0.73809 0.00793481 0
0 0 0 -0.101596 -0.73809 0.00793481 0
0 0 0 -0.101596 -0.73809 0.00793481 0
0 0 0 -0.101596 -0.73809 0.00793481 0
0 0 0 -0.101596 -0.73809 0.00793481 0
0 0 0 -0.101596 -0.73809 0.00793481 0
0 0 0 -0.101596 -0.73809 0.00793481 0
0 0 0 -0.101596 -0.73809 0.00793481 0
0 0 0 -0.101596 -0.73809 0.00793481 0
0 0 0 -0.101596 -0.73809 0.00793481 0
0 0 0 -0.101596 -0.73809 0.00793481 0
0 0 0 -0.101596 -0.73809 0.00793481 0
0 0 0 -0.101596 -0.73809 0.00793481 0
0 0 0 -0.101596 -0.73809 0.00793481 0
0 0 0 -0.101596 -0.73809 0.00793481 0
0 0 0 -0.101596 -0.73809 0.00793481 0
0 0 0 -0.101596 -0.73809 0.00793481 0
0 0 0 -0.101596 -0.73809 0.00793481 0
0 0 0 -0.101596 -0.73809 0.00793481 0
0 0 0 -0.101596 -0.73809 0.00793481 0
0 0 0 -0.101596 -0.73809 0.00793481 0
0 0 0 -0.101596 -0.73809 0.00793481 0
0 0 0 -0.101596 -0.73809 0.00793481 0
0 0 0 -0.101596 -0.73809 0.00793481 0
0 0 0 -0.101596 -0.73809 0.00793481 0
0 0 0 -0.101596 -0.73809 0.00793481 0
0 0 0 -0.101596 -0.73809 0.00793481 0
0 0 0 -0.101596 -0.73809 0.00793481 0
0 0 0 -0.101596 -0.73809 0.00793481 0
0 0 0 -0.101596 -0.73809 0.00793481 0
0 0 0 -0.101596 -0.73809 0.00793481 0
0 0 0 -0.101596 -0.73809 0.00793481 0
0 0 0 -0.101596 -0.73809 0.00793481 0
0 0 0 -0.101596 -0.73809 0.00793481 0
0 0 0 -0.101596 -0.73809 0.00793481 0
0 0 0 -0.101596 -0.73809 0.00793481 0
0 0 0 -0.101596 -0.73809 0.00793481 0
0 0 0 -0.101596 -0.73809 0.00793481 0
0 0 0 -0.101596 -0.73809 0.00793481 0
0 0 0 -0.101596 -0.73809 0.00793481 0
0 0 0 -0.101596 -0.73809 0.00793481 0
0 0 0 -0.101596 -0.73809 0.00793481 0
0 0 0 -0.101596 -0.73809 0.00793481 0
0 0 0 -0.101596 -0.73809 0.00793481 0
0 0 0 -0.101596 -0.73809 0.00793481 0
0 0 0 -0.101596 -0.73809 0.00793481 0
0 0 0 -0.101596 -0.73809 0.00793481 0
0 0 0 -0.101596 -0.73809 0.00793481 0
0 0 0 -0.101596 -0.73809 0.00793481 0
0 0 0 -0.101596 -0.73809 0.00793481 0
0 0 0 -0.101596 -0.73809 0.00793481 0
0 0 0 -0.101596 -0.73809 0.00793481 0
0 0 0 -0.101596 -0.73809 0.00793481 0
0 0 0 -0.101596 -0.73809 0.00793481 0
0 0 0 -0.101596 -0.73809 0.00793481 0
0 0 0 -0.101596 -0.73809 0.00793481 0
0 0 0 -0.101596 -0.73809 0.00793481 0
0 0 0 -0.101596 -0.73809 0.00793481 0
0 0 0 -0.101596 -0.73809 0.00793481 0
0 0 0 -0.101596 -0.73809 0.00793481 0
0 0 0 -0.101596 -0.73809 0.00793481 0
0 0 0 -0.101596 -0.73809 0.00793481 0
0 0 0 -0.101596 -0.73809 0.00793481 0
0 0 0 -0.101596 -0.73809 0.00793481 0
0 0 0 -0.101596 -0.73809 0.00793481 0
0 0 0 -0.101596 -0.73809 0.00793481 0
0 0 0 -0.101596 -0.73809 0.00793481 0
0 0 0 -0.101596 -0.73809 0.00793481 0
0 0 0 -0.101596 -0.73809 0.00793481 0
0 0 0 -0.101596 -0.73809 0.00793481 0
0 0 0 -0.101596 -0.73809 0.00793481 0
0 0 0 -0.101596 -0.73809 0.00793481 0
0 0 0 -0.101596 -0.73809 0.00793481 0
0 0 0 -0.101596 -0.73809 0.00793481 0
0 0 0 -0.101596 -0.73809 0.00793481 0
0 0 0 -0.101596 -0.73809 0.00793481 0
0 0 0 -0.101596 -0.73809 0.00793481 0
0 0 0 -0.101596 -0.73809 0.00793481 0
0 0 0 -0.101596 -0.73809 0.00793481 0
0 0 0 -0.101596 -0.698386 0.00793481 0
0 0 0 -0.101596 -0.698386 0.00793481 0
0 0 0 -0.101596 -0.698386 0.00793481 0
0 0 0 -0.101596 -0.698386 0.00793481 0
0 0 0 -0.101596 -0.698386 0.00793481 0
0 0 0 -0.101596 -0.666646 0.00793481 0
0 0 0 -0.101596 -0.666646 0.00793481 0
0 0 0 -0.101596 -0.666646 0.00793481 0
0 0 0 -0.101596 -0.666646 0.00793481 0
0 0 0 -0.101596 -0.666646 0.00793481 0
0 0 0 -0.101596 -0.658711 0.00793481 0
0 0 0 -0.101596 -0.658711 0.00793481 0
0 0 0 -0.101596 -0.658711 0.00793481 0
0 0 0 -0.101596 -0.658711 0.00793481 0
0 0 0 -0.101596 -0.658711 0.00793481 0
