0 0 0 -3.05185e-005 0.00784326 -0.476608 1.00003
0 0 0 -3.05185e-005 0.00784326 -0.476608 1.00003
0 0 0 -3.05185e-005 0.00784326 -0.437544 1.00003
0 0 0 -3.05185e-005 0.00784326 -0.437544 1.00003
0 0 0 -3.05185e-005 0.00784326 -0.437544 1.00003
0 0 0 -3.05185e-005 0.00784326 -0.39848 1.00003
0 0 0 -3.05185e-005 0.00784326 -0.39848 1.00003
0 0 0 -3.05185e-005 0.00784326 -0.39848 1.00003
0 0 0 -3.05185e-005 0.00784326 -0.39848 1.00003
0 0 0 -3.05185e-005 0.00784326 -0.39848 1.00003
0 0 0 -3.05185e-005 0.00784326 -0.367229 1.00003
0 0 0 -3.05185e-005 0.00784326 -0.367229 1.00003
0 0 0 -3.05185e-005 0.00784326 -0.367229 1.00003
0 0 0 -3.05185e-005 0.00784326 -0.367229 1.00003
0 0 0 -3.05185e-005 0.00784326 -0.367229 1.00003
0 0 0 -3.05185e-005 0.00784326 -0.234413 1.00003
0 0 0 -3.05185e-005 0.00784326 -0.234413 1.00003
0 0 0 -3.05185e-005 0.00784326 -0.234413 1.00003
0 0 0 -3.05185e-005 0.00784326 -0.234413 1.00003
0 0 0 -3.05185e-005 0.00784326 -0.234413 1.00003
0 0 0 -3.05185e-005 0.00784326 -0.156285 1.00003
0 0 0 -3.05185e-005 0.00784326 -0.156285 1.00003
0 0 0 -3.05185e-005 0.00784326 -0.156285 1.00003
0 0 0 -3.05185e-005 0.00784326 -0.156285 1.00003
0 0 0 -3.05185e-005 0.00784326 -0.156285 1.00003
0 0 0 -3.05185e-005 0.00784326 -0.0859706 0.898495
0 0 0 -3.05185e-005 0.00784326 -0.0859706 0.898495
0 0 0 -3.05185e-005 0.00784326 -0.0859706 0.898495
0 0 0 -3.05185e-005 0.00784326 -0.0859706 0.898495
0 0 0 -3.05185e-005 0.00784326 -0.0859706 0.898495
0 0 0 -3.05185e-005 0.00784326 -0.0234687 0.835994
0 0 0 -3.05185e-005 0.00784326 -0.0234687 0.835994
0 0 0 -3.05185e-005 0.00784326 -0.0234687 0.835994
0 0 0 -3.05185e-005 0.00784326 -0.0234687 0.835994
0 0 0 -3.05185e-005 0.00784326 -0.0234687 0.835994
0 0 0 -3.05185e-005 0.00784326 -0.00784326 0.820368
0 0 0 -3.05185e-005 0.00784326 -0.00784326 0.820368
0 0 0 -3.05185e-005 0.00784326 -0.00784326 0.820368
0 0 0 -3.05185e-005 0.00784326 -0.00784326 0.820368
0 0 0 -3.05185e-005 0.00784326 -0.00784326 0.820368
0 0 0 -3.05185e-005 0.00784326 -0.00784326 0.789117
0 0 0 -3.05185e-005 0.00784326 -0.00784326 0.789117
0 0 0 -3.05185e-005 0.00784326 -0.00784326 0.789117
0 0 0 -3.05185e-005 0.00784326 -0.00784326 0.789117
0 0 0 -3.05185e-005 0.00784326 -0.00784326 0.789117
0 0 0 -3.05185e-005 0.00784326 -3.05185e-005 0.789117
0 0 0 -3.05185e-005 0.00784326 -3.05185e-005 0.789117
0 0 0 -3.05185e-005 0.00784326 -3.05185e-005 0.789117
0 0 0 -3.05185e-005 0.00784326 -3.05185e-005 0.789117
0 0 0 -3.05185e-005 0.00784326 -3.05185e-005 0.789117
0 0 0 -3.05185e-005 0.00784326 -3.05185e-005 0.773492
0 0 0 -3.05185e-005 0.00784326 -3.05185e-005 0.773492
0 0 0 -3.05185e-005 0.00784326 -3.05185e-005 0.773492
0 0 0 -3.05185e-005 0.00784326 -3.05185e-005 0.773492
0 0 0 -3.05185e-005 0.00784326 -3.05185e-005 0.773492
0 0 0 -3.05185e-005 0.00784326 -3.05185e-005 0.773492
0 0 0 -3.05185e-005 0.00784326 -3.05185e-005 0.773492
0 0 0 -3.05185e-005 0.00784326 -3.05185e-005 0.773492
0 0 0 -3.05185e-005 0.00784326 -3.05185e-005 0.773492
0 0 0 -3.05185e-005 0.00784326 -3.05185e-005 0.757866
0 0 0 -3.05185e-005 0.00784326 -3.05185e-005 0.757866
0 0 0 -3.05185e-005 0.00784326 -3.05185e-005 0.757866
0 0 0 -3.05185e-005 0.00784326 -3.05185e-005 0.757866
0 0 0 -3.05185e-005 0.00784326 -3.05185e-005 0.757866
0 0 0 -3.05185e-005 0.00784326 -3.05185e-005 0.757866
0 0 0 -3.05185e-005 0.00784326 0.0952177 0.71099
0 0 0 -3.05185e-005 0.00784326 0.0952177 0.71099
0 0 0 -3.05185e-005 0.00784326 0.0952177 0.71099
0 0 0 -3.05185e-005 0.00784326 0.119022 0.695364
0 0 0 -3.05185e-005 0.00784326 0.119022 0.695364
0 0 0 -3.05185e-005 0.00784326 0.119022 0.664113
0 0 0 -3.05185e-005 0.00784326 0.119022 0.664113
0 0 0 -3.05185e-005 0.00784326 0.119022 0.664113
0 0 0 -3.05185e-005 0.00784326 0.119022 0.664113
0 0 0 -3.05185e-005 0.00784326 0.119022 0.664113
0 0 0 -3.05185e-005 0.00784326 0.150792 0.648488
0 0 0 -3.05185e-005 0.00784326 0.150792 0.632862
0 0 0 -3.05185e-005 0.00784326 0.150792 0.632862
0 0 0 -3.05185e-005 0.00784326 0.150792 0.632862
0 0 0 -3.05185e-005 0.00784326 0.150792 0.632862
0 0 0 -3.05185e-005 0.00784326 0.150792 0.617237
0 0 0 -3.05185e-005 0.00784326 0.150792 0.617237
0 0 0 -3.05185e-005 0.00784326 0.150792 0.617237
0 0 0 -3.05185e-005 0.00784326 0.150792 0.617237
0 0 0 -3.05185e-005 0.00784326 0.150792 0.601611
0 0 0 -3.05185e-005 0.00784326 0.158727 0.585986
0 0 0 -3.05185e-005 0.00784326 0.158727 0.585986
0 0 0 -3.05185e-005 0.00784326 0.158727 0.585986
0 0 0 -3.05185e-005 0.00784326 0.158727 0.585986
0 0 0 -3.05185e-005 0.00784326 0.158727 0.585986
0 0 0 -3.05185e-005 0.00784326 0.158727 0.585986
0 0 0 -3.05185e-005 0.00784326 0.158727 0.585986
0 0 0 -3.05185e-005 0.00784326 0.158727 0.585986
0 0 0 -3.05185e-005 0.00784326 0.158727 0.585986
0 0 0 -3.05185e-005 0.00784326 0.158727 0.585986
0 0 0 -3.05185e-005 0.00784326 0.190466 0.585986
0 0 0 -3.05185e-005 0.00784326 0.190466 0.585986
0 0 0 -3.05185e-005 0.00784326 0.190466 0.585986
0 0 0 -3.05185e-005 0.00784326 0.190466 0.585986
0 0 0 -3.05185e-005 0.00784326 0.190466 0.585986
0 0 0 -3.05185e-005 0.00784326 0.206336 0.585986
0 0 0 -3.05185e-005 0.00784326 0.238075 0.585986
0 0 0 -3.05185e-005 0.00784326 0.238075 0.585986
0 0 0 -3.05185e-005 0.00784326 0.238075 0.585986
0 0 0 -3.05185e-005 0.00784326 0.238075 0.585986
0 0 0 -3.05185e-005 0.00784326 0.285714 0.539109
0 0 0 -3.05185e-005 0.00784326 0.285714 0.539109
0 0 0 -3.05185e-005 0.00784326 0.285714 0.539109
0 0 0 -3.05185e-005 0.00784326 0.285714 0.539109
0 0 0 -3.05185e-005 0.00784326 0.285714 0.539109
0 0 0 -3.05185e-005 0.00784326 0.372997 0.414106
0 0 0 -3.05185e-005 0.00784326 0.372997 0.414106
0 0 0 -3.05185e-005 0.00784326 0.372997 0.414106
0 0 0 -3.05185e-005 0.00784326 0.372997 0.414106
0 0 0 -3.05185e-005 0.00784326 0.372997 0.414106
0 0 0 -3.05185e-005 0.00784326 0.412671 0.39848
0 0 0 -3.05185e-005 0.00784326 0.412671 0.39848
0 0 0 -3.05185e-005 0.00784326 0.412671 0.39848
0 0 0 -3.05185e-005 0.00784326 0.412671 0.39848
0 0 0 -3.05185e-005 0.00784326 0.412671 0.39848
0 0 0 -3.05185e-005 0.00784326 0.452376 0.367229
0 0 0 -3.05185e-005 0.00784326 0.452376 0.367229
0 0 0 -3.05185e-005 0.00784326 0.452376 0.367229
0 0 0 -3.05185e-005 0.00784326 0.452376 0.367229
0 0 0 -3.05185e-005 0.00784326 0.452376 0.367229
0 0 0 -3.05185e-005 0.00784326 0.49205 0.351604
0 0 0 -3.05185e-005 0.00784326 0.49205 0.351604
0 0 0 -3.05185e-005 0.00784326 0.49205 0.351604
0 0 0 -3.05185e-005 0.00784326 0.49205 0.351604
0 0 0 -3.05185e-005 0.00784326 0.49205 0.351604
0 0 0 -3.05185e-005 0.00784326 0.49205 0.320353
0 0 0 -3.05185e-005 0.00784326 0.49205 0.320353
0 0 0 -3.05185e-005 0.00784326 0.49205 0.320353
0 0 0 -3.05185e-005 0.00784326 0.49205 0.320353
0 0 0 -3.05185e-005 0.00784326 0.49205 0.320353
0 0 0 -3.05185e-005 0.00784326 0.523789 0.289102
0 0 0 -3.05185e-005 0.00784326 0.523789 0.289102
0 0 0 -3.05185e-005 0.00784326 0.523789 0.289102
0 0 0 -3.05185e-005 0.00784326 0.523789 0.289102
0 0 0 -3.05185e-005 0.00784326 0.563463 0.257851
0 0 0 -3.05185e-005 0.00784326 0.603168 0.210974
0 0 0 -3.05185e-005 0.00784326 0.603168 0.210974
0 0 0 -3.05185e-005 0.00784326 0.603168 0.210974
0 0 0 -3.05185e-005 0.00784326 0.603168 0.210974
0 0 0 -3.05185e-005 0.00784326 0.603168 0.210974
0 0 0 -3.05185e-005 0.00784326 0.650777 0.0859706
0 0 0 -3.05185e-005 0.00784326 0.650777 0.0859706
0 0 0 -3.05185e-005 0.00784326 0.70632 0.015656
0 0 0 -3.05185e-005 0.00784326 0.70632 0.015656
0 0 0 -3.05185e-005 0.00784326 0.70632 0.015656
0 0 0 -3.05185e-005 0.00784326 0.730155 0.015656
0 0 0 -3.05185e-005 0.00784326 0.730155 0.015656
0 0 0 -3.05185e-005 0.00784326 0.730155 0.015656
0 0 0 -3.05185e-005 0.00784326 0.730155 0.015656
0 0 0 -3.05185e-005 0.00784326 0.730155 0.015656
0 0 0 -3.05185e-005 0.00784326 0.746025 -0
0 0 0 -3.05185e-005 0.00784326 0.746025 -0
0 0 0 -3.05185e-005 0.00784326 0.746025 -0
0 0 0 -3.05185e-005 0.00784326 0.746025 -0
0 0 0 -3.05185e-005 0.00784326 0.746025 -0
0 0 0 -3.05185e-005 0.00784326 0.746025 -0
0 0 0 -3.05185e-005 0.00784326 0.746025 -0
0 0 0 -3.05185e-005 0.00784326 0.746025 -0
0 0 0 -3.05185e-005 0.00784326 0.746025 -0.00793481
0 0 0 -3.05185e-005 0.00784326 0.746025 -0.00793481
0 0 0 -3.05185e-005 0.00784326 0.70632 -0.0634785
0 0 0 -3.05185e-005 0.00784326 0.70632 -0.0634785
0 0 0 -3.05185e-005 0.00784326 0.70632 -0.0634785
0 0 0 -3.05185e-005 0.00784326 0.70632 -0.0634785
0 0 0 -3.05185e-005 0.00784326 0.70632 -0.0634785
0 0 0 -3.05185e-005 0.00784326 0.690451 -0.0714133
0 0 0 -3.05185e-005 0.00784326 0.690451 -0.0714133
0 0 0 -3.05185e-005 0.00784326 0.690451 -0.0714133
0 0 0 -3.05185e-005 0.00784326 0.690451 -0.0952177
0 0 0 -3.05185e-005 0.00784326 0.690451 -0.0952177
0 0 0 -3.05185e-005 0.00784326 0.690451 -0.134892
0 0 0 -3.05185e-005 0.00784326 0.690451 -0.134892
0 0 0 -3.05185e-005 0.00784326 0.690451 -0.134892
0 0 0 -3.05185e-005 0.00784326 0.690451 -0.134892
0 0 0 -3.05185e-005 0.00784326 0.690451 -0.134892
0 0 0 -3.05185e-005 0.00784326 0.690451 -0.158727
0 0 0 -3.05185e-005 0.00784326 0.690451 -0.198401
0 0 0 -3.05185e-005 0.00784326 0.690451 -0.198401
0 0 0 -3.05185e-005 0.00784326 0.690451 -0.198401
0 0 0 -3.05185e-005 0.00784326 0.690451 -0.198401
0 0 0 -3.05185e-005 0.00784326 0.658711 -0.301584
0 0 0 -3.05185e-005 0.00784326 0.658711 -0.301584
0 0 0 -3.05185e-005 0.00784326 0.658711 -0.301584
0 0 0 -3.05185e-005 0.00784326 0.658711 -0.301584
0 0 0 -3.05185e-005 0.00784326 0.658711 -0.301584
0 0 0 -3.05185e-005 0.00784326 0.634907 -0.325388
0 0 0 -3.05185e-005 0.00784326 0.634907 -0.325388
0 0 0 -3.05185e-005 0.00784326 0.634907 -0.325388
0 0 0 -3.05185e-005 0.00784326 0.634907 -0.325388
0 0 0 -3.05185e-005 0.00784326 0.634907 -0.325388
0 0 0 -3.05185e-005 0.00784326 0.563463 -0.325388
0 0 0 -3.05185e-005 0.00784326 0.563463 -0.325388
0 0 0 -3.05185e-005 0.00784326 0.563463 -0.325388
0 0 0 -3.05185e-005 0.00784326 0.563463 -0.325388
0 0 0 -3.05185e-005 0.00784326 0.563463 -0.325388
0 0 0 -3.05185e-005 0.00784326 0.49205 -0.325388
0 0 0 -3.05185e-005 0.00784326 0.49205 -0.325388
0 0 0 -3.05185e-005 0.00784326 0.49205 -0.325388
0 0 0 -3.05185e-005 0.00784326 0.49205 -0.325388
0 0 0 -3.05185e-005 0.00784326 0.49205 -0.325388
0 0 0 -3.05185e-005 0.00784326 0.396802 -0.325388
0 0 0 -3.05185e-005 0.00784326 0.396802 -0.325388
0 0 0 -3.05185e-005 0.00784326 0.396802 -0.325388
0 0 0 -3.05185e-005 0.00784326 0.396802 -0.325388
0 0 0 -3.05185e-005 0.00784326 0.396802 -0.325388
0 0 0 -3.05185e-005 0.00784326 0.365062 -0.341258
0 0 0 -3.05185e-005 0.00784326 0.365062 -0.341258
0 0 0 -3.05185e-005 0.00784326 0.365062 -0.341258
0 0 0 -3.05185e-005 0.00784326 0.365062 -0.341258
0 0 0 -3.05185e-005 0.00784326 0.365062 -0.341258
0 0 0 -3.05185e-005 0.00784326 0.325388 -0.341258
0 0 0 -3.05185e-005 0.00784326 0.325388 -0.341258
0 0 0 -3.05185e-005 0.00784326 0.325388 -0.341258
0 0 0 -3.05185e-005 0.00784326 0.325388 -0.341258
0 0 0 -3.05185e-005 0.00784326 0.325388 -0.341258
0 0 0 -3.05185e-005 0.00784326 0.317454 -0.349193
0 0 0 -3.05185e-005 0.00784326 0.317454 -0.349193
0 0 0 -3.05185e-005 0.00784326 0.317454 -0.349193
0 0 0 -3.05185e-005 0.00784326 0.317454 -0.349193
0 0 0 -3.05185e-005 0.00784326 0.317454 -0.349193
0 0 0 -3.05185e-005 0.00784326 0.269814 -0.349193
0 0 0 -3.05185e-005 0.00784326 0.269814 -0.349193
0 0 0 -3.05185e-005 0.00784326 0.269814 -0.349193
0 0 0 -3.05185e-005 0.00784326 0.269814 -0.349193
0 0 0 -3.05185e-005 0.00784326 0.21427 -0.365062
0 0 0 -3.05185e-005 0.00784326 0.134892 -0.365062
0 0 0 -3.05185e-005 0.00784326 0.134892 -0.365062
0 0 0 -3.05185e-005 0.00784326 0.134892 -0.365062
0 0 0 -3.05185e-005 0.00784326 0.134892 -0.365062
0 0 0 -3.05185e-005 0.00784326 0.134892 -0.365062
0 0 0 -3.05185e-005 0.00784326 0.0238044 -0.365062
0 0 0 -3.05185e-005 0.00784326 0.0238044 -0.365062
0 0 0 -3.05185e-005 0.00784326 -3.05185e-005 -0.365062
0 0 0 -3.05185e-005 0.00784326 -3.05185e-005 -0.365062
0 0 0 -3.05185e-005 0.00784326 -3.05185e-005 -0.365062
0 0 0 -3.05185e-005 0.00784326 -3.05185e-005 -0.365062
0 0 0 -3.05185e-005 0.00784326 -3.05185e-005 -0.365062
0 0 0 -3.05185e-005 0.00784326 -3.05185e-005 -0.365062
0 0 0 -3.05185e-005 0.00784326 -3.05185e-005 -0.365062
0 0 0 -3.05185e-005 0.00784326 -3.05185e-005 -0.365062
0 0 0 -3.05185e-005 0.00784326 -3.05185e-005 -0.365062
0 0 0 -3.05185e-005 0.00784326 -3.05185e-005 -0.365062
0 0 0 -3.05185e-005 0.00784326 -3.05185e-005 -0.365062
0 0 0 -3.05185e-005 0.00784326 -3.05185e-005 -0.365062
0 0 0 -3.05185e-005 0.00784326 -3.05185e-005 -0.365062
0 0 0 -3.05185e-005 0.00784326 -3.05185e-005 -0.365062
0 0 0 -3.05185e-005 0.00784326 -3.05185e-005 -0.365062
0 0 0 -3.05185e-005 0.00784326 -3.05185e-005 -0.365062
0 0 0 -3.05185e-005 0.00784326 -0.00784326 -0.365062
0 0 0 -3.05185e-005 0.00784326 -0.00784326 -0.365062
0 0 0 -3.05185e-005 0.00784326 -0.015656 -0.365062
0 0 0 -3.05185e-005 0.00784326 -0.015656 -0.365062
0 0 0 -3.05185e-005 0.00784326 -0.015656 -0.365062
0 0 0 -3.05185e-005 0.00784326 -0.015656 -0.365062
0 0 0 -3.05185e-005 0.00784326 -0.015656 -0.365062
0 0 0 -3.05185e-005 0.00784326 -0.0625324 -0.365062
0 0 0 -3.05185e-005 0.00784326 -0.0625324 -0.365062
0 0 0 -3.05185e-005 0.00784326 -0.0625324 -0.365062
0 0 0 -3.05185e-005 0.00784326 -0.101596 -0.365062
0 0 0 -3.05185e-005 0.00784326 -0.101596 -0.365062
0 0 0 -3.05185e-005 0.00784326 -0.234413 -0.325388
0 0 0 -3.05185e-005 0.00784326 -0.234413 -0.325388
0 0 0 -3.05185e-005 0.00784326 -0.234413 -0.325388
0 0 0 -3.05185e-005 0.00784326 -0.234413 -0.325388
0 0 0 -3.05185e-005 0.00784326 -0.234413 -0.325388
0 0 0 -3.05185e-005 0.00784326 -0.234413 -0.301584
0 0 0 -3.05185e-005 0.00784326 -0.234413 -0.301584
0 0 0 -3.05185e-005 0.00784326 -0.234413 -0.301584
0 0 0 -3.05185e-005 0.00784326 -0.234413 -0.285714
0 0 0 -3.05185e-005 0.00784326 -0.234413 -0.285714
0 0 0 -3.05185e-005 0.00784326 -0.289102 -0.24601
0 0 0 -3.05185e-005 0.00784326 -0.289102 -0.24601
0 0 0 -3.05185e-005 0.00784326 -0.289102 -0.24601
0 0 0 -3.05185e-005 0.00784326 -0.289102 -0.24601
0 0 0 -3.05185e-005 0.00784326 -0.289102 -0.24601
0 0 0 -3.05185e-005 0.00784326 -0.328166 -0.174596
0 0 0 -3.05185e-005 0.00784326 -0.367229 -0.150792
0 0 0 -3.05185e-005 0.00784326 -0.367229 -0.150792
0 0 0 -3.05185e-005 0.00784326 -0.367229 -0.150792
0 0 0 -3.05185e-005 0.00784326 -0.367229 -0.150792
0 0 0 -3.05185e-005 0.00784326 -0.367229 -0.0952177
0 0 0 -3.05185e-005 0.00784326 -0.367229 -0.0952177
0 0 0 -3.05185e-005 0.00784326 -0.367229 -0.0952177
0 0 0 -3.05185e-005 0.00784326 -0.367229 -0.0952177
0 0 0 -3.05185e-005 0.00784326 -0.367229 -0.0952177
0 0 0 -3.05185e-005 0.00784326 -0.367229 -0.00793481
0 0 0 -3.05185e-005 0.00784326 -0.367229 -0.00793481
0 0 0 -3.05185e-005 0.00784326 -0.367229 -0.00793481
0 0 0 -3.05185e-005 0.00784326 -0.367229 -0.00793481
0 0 0 -3.05185e-005 0.00784326 -0.367229 -0.00793481
0 0 0 -3.05185e-005 0.00784326 -0.367229 0.00784326
0 0 0 -3.05185e-005 0.00784326 -0.367229 0.00784326
0 0 0 -3.05185e-005 0.00784326 -0.367229 0.00784326
0 0 0 -3.05185e-005 0.00784326 -0.367229 0.00784326
0 0 0 -3.05185e-005 0.00784326 -0.367229 0.00784326
0 0 0 -3.05185e-005 0.00784326 -0.406293 0.0234687
0 0 0 -3.05185e-005 0.00784326 -0.406293 0.0234687
0 0 0 -3.05185e-005 0.00784326 -0.406293 0.0234687
0 0 0 -3.05185e-005 0.00784326 -0.406293 0.0234687
0 0 0 -3.05185e-005 0.00784326 -0.406293 0.0234687
0 0 0 -3.05185e-005 0.00784326 -0.406293 0.148473
0 0 0 -3.05185e-005 0.00784326 -0.406293 0.148473
0 0 0 -3.05185e-005 0.00784326 -0.406293 0.148473
0 0 0 -3.05185e-005 0.00784326 -0.406293 0.148473
0 0 0 -3.05185e-005 0.00784326 -0.406293 0.148473
0 0 0 -3.05185e-005 0.00784326 -0.421918 0.320353
0 0 0 -3.05185e-005 0.00784326 -0.421918 0.320353
0 0 0 -3.05185e-005 0.00784326 -0.421918 0.320353
0 0 0 -3.05185e-005 0.00784326 -0.421918 0.320353
0 0 0 -3.05185e-005 0.00784326 -0.421918 0.367229
0 0 0 -3.05185e-005 0.00784326 -0.421918 0.507859
0 0 0 -3.05185e-005 0.00784326 -0.421918 0.507859
0 0 0 -3.05185e-005 0.00784326 -0.421918 0.507859
0 0 0 -3.05185e-005 0.00784326 -0.421918 0.57036
0 0 0 -3.05185e-005 0.00784326 -0.421918 0.57036
0 0 0 -3.05185e-005 0.00784326 -0.437544 0.648488
0 0 0 -3.05185e-005 0.00784326 -0.437544 0.648488
0 0 0 -3.05185e-005 0.00784326 -0.437544 0.695364
0 0 0 -3.05185e-005 0.00784326 -0.437544 0.695364
0 0 0 -3.05185e-005 0.00784326 -0.437544 0.695364
0 0 0 -3.05185e-005 0.00784326 -0.437544 0.742241
0 0 0 -3.05185e-005 0.00784326 -0.437544 0.742241
0 0 0 -3.05185e-005 0.00784326 -0.437544 0.742241
0 0 0 -3.05185e-005 0.00784326 -0.437544 0.742241
0 0 0 -3.05185e-005 0.00784326 -0.437544 0.742241
0 0 0 -3.05185e-005 0.00784326 -0.437544 0.742241
0 0 0 -3.05185e-005 0.00784326 -0.437544 0.757866
0 0 0 -3.05185e-005 0.00784326 -0.437544 0.757866
0 0 0 -3.05185e-005 0.00784326 -0.437544 0.757866
0 0 0 -3.05185e-005 0.00784326 -0.437544 0.757866
0 0 0 -3.05185e-005 0.00784326 -0.437544 0.789117
0 0 0 -3.05185e-005 0.00784326 -0.437544 0.789117
0 0 0 -3.05185e-005 0.00784326 -0.437544 0.789117
0 0 0 -3.05185e-005 0.00784326 -0.437544 0.789117
0 0 0 -3.05185e-005 0.00784326 -0.437544 0.789117
0 0 0 -3.05185e-005 0.00784326 -0.437544 0.835994
0 0 0 -3.05185e-005 0.00784326 -0.437544 0.835994
0 0 0 -3.05185e-005 0.00784326 -0.437544 0.835994
0 0 0 -3.05185e-005 0.00784326 -0.437544 0.835994
0 0 0 -3.05185e-005 0.00784326 -0.437544 0.835994
0 0 0 -3.05185e-005 0.00784326 -0.39848 0.945372
0 0 0 -3.05185e-005 0.00784326 -0.39848 0.945372
0 0 0 -3.05185e-005 0.00784326 -0.39848 0.945372
0 0 0 -3.05185e-005 0.00784326 -0.39848 0.945372
0 0 0 -3.05185e-005 0.00784326 -0.39848 0.945372
0 0 0 -3.05185e-005 0.00784326 -0.39848 1.00003
0 0 0 -3.05185e-005 0.00784326 -0.39848 1.00003
0 0 0 -3.05185e-005 0.00784326 -0.39848 1.00003
0 0 0 -3.05185e-005 0.00784326 -0.39848 1.00003
0 0 0 -3.05185e-005 0.00784326 -0.39848 1.00003
0 0 0 -3.05185e-005 0.00784326 -0.39848 1.00003
0 0 0 -3.05185e-005 0.00784326 -0.39848 1.00003
0 0 0 -3.05185e-005 0.00784326 -0.39848 1.00003
0 0 0 -3.05185e-005 0.00784326 -0.39848 1.00003
0 0 0 -3.05185e-005 0.00784326 -0.39848 1.00003
0 0 0 -3.05185e-005 0.00784326 -0.382855 1.00003
0 0 0 -3.05185e-005 0.00784326 -0.382855 1.00003
0 0 0 -3.05185e-005 0.00784326 -0.382855 1.00003
0 0 0 -3.05185e-005 0.00784326 -0.382855 1.00003
0 0 0 -3.05185e-005 0.00784326 -0.382855 1.00003
0 0 0 -3.05185e-005 0.00784326 -0.351604 1.00003
0 0 0 -3.05185e-005 0.00784326 -0.351604 1.00003
0 0 0 -3.05185e-005 0.00784326 -0.351604 1.00003
0 0 0 -3.05185e-005 0.00784326 -0.343791 1.00003
0 0 0 -3.05185e-005 0.00784326 -0.343791 1.00003
0 0 0 -3.05185e-005 0.00784326 -0.31254 1.00003
0 0 0 -3.05185e-005 0.00784326 -0.31254 1.00003
0 0 0 -3.05185e-005 0.00784326 -0.31254 1.00003
0 0 0 -3.05185e-005 0.00784326 -0.31254 1.00003
0 0 0 -3.05185e-005 0.00784326 -0.31254 1.00003
0 0 0 -3.05185e-005 0.00784326 -0.265664 1.00003
0 0 0 -3.05185e-005 0.00784326 -0.265664 1.00003
0 0 0 -3.05185e-005 0.00784326 -0.250038 1.00003
0 0 0 -3.05185e-005 0.00784326 -0.250038 1.00003
0 0 0 -3.05185e-005 0.00784326 -0.250038 1.00003
0 0 0 -3.05185e-005 0.00784326 -0.195349 1.00003
0 0 0 -3.05185e-005 0.00784326 -0.195349 1.00003
0 0 0 -3.05185e-005 0.00784326 -0.195349 1.00003
0 0 0 -3.05185e-005 0.00784326 -0.195349 1.00003
0 0 0 -3.05185e-005 0.00784326 -0.195349 1.00003
0 0 0 -3.05185e-005 0.00784326 -0.171911 1.00003
0 0 0 -3.05185e-005 0.00784326 -0.171911 1.00003
0 0 0 -3.05185e-005 0.00784326 -0.171911 1.00003
0 0 0 -3.05185e-005 0.00784326 -0.171911 1.00003
0 0 0 -3.05185e-005 0.00784326 -0.171911 1.00003
0 0 0 -3.05185e-005 0.00784326 -0.132847 1.00003
0 0 0 -3.05185e-005 0.00784326 -0.132847 1.00003
0 0 0 -3.05185e-005 0.00784326 -0.132847 1.00003
0 0 0 -3.05185e-005 0.00784326 -0.132847 1.00003
0 0 0 -3.05185e-005 0.00784326 -0.132847 1.00003
0 0 0 -3.05185e-005 0.00784326 -0.0781579 1.00003
0 0 0 -3.05185e-005 0.00784326 -0.0781579 1.00003
0 0 0 -3.05185e-005 0.00784326 -0.0781579 1.00003
0 0 0 -3.05185e-005 0.00784326 -0.0781579 1.00003
0 0 0 -3.05185e-005 0.00784326 -0.0625324 1.00003
0 0 0 -3.05185e-005 0.00784326 -0.00784326 1.00003
0 0 0 -3.05185e-005 0.00784326 -0.00784326 1.00003
0 0 0 -3.05185e-005 0.00784326 -0.00784326 1.00003
0 0 0 -3.05185e-005 0.00784326 -3.05185e-005 1.00003
0 0 0 -3.05185e-005 0.00784326 -3.05185e-005 1.00003
0 0 0 -3.05185e-005 0.00784326 -3.05185e-005 1.00003
0 0 0 -3.05185e-005 0.00784326 -3.05185e-005 1.00003
0 0 0 -3.05185e-005 0.00784326 -3.05185e-005 1.00003
0 0 0 -3.05185e-005 0.00784326 -3.05185e-005 1.00003
0 0 0 -3.05185e-005 0.00784326 0.0476089 1.00003
0 0 0 -3.05185e-005 0.00784326 0.111087 1.00003
0 0 0 -3.05185e-005 0.00784326 0.111087 1.00003
0 0 0 -3.05185e-005 0.00784326 0.111087 1.00003
0 0 0 -3.05185e-005 0.00784326 0.119022 1.00003
0 0 0 -3.05185e-005 0.00784326 0.119022 1.00003
0 0 0 -3.05185e-005 0.00784326 0.206336 1.00003
0 0 0 -3.05185e-005 0.00784326 0.206336 1.00003
0 0 0 -3.05185e-005 0.00784326 0.206336 1.00003
0 0 0 -3.05185e-005 0.00784326 0.206336 1.00003
0 0 0 -3.05185e-005 0.00784326 0.206336 1.00003
0 0 0 -3.05185e-005 0.00784326 0.269814 1.00003
0 0 0 -3.05185e-005 0.00784326 0.269814 1.00003
0 0 0 -3.05185e-005 0.00784326 0.269814 1.00003
0 0 0 -3.05185e-005 0.00784326 0.269814 1.00003
0 0 0 -3.05185e-005 0.00784326 0.269814 1.00003
0 0 0 -3.05185e-005 0.00784326 0.285714 1.00003
0 0 0 -3.05185e-005 0.00784326 0.285714 1.00003
0 0 0 -3.05185e-005 0.00784326 0.301584 1.00003
0 0 0 -3.05185e-005 0.00784326 0.301584 1.00003
0 0 0 -3.05185e-005 0.00784326 0.301584 1.00003
0 0 0 -3.05185e-005 0.00784326 0.341258 1.00003
0 0 0 -3.05185e-005 0.00784326 0.341258 1.00003
0 0 0 -3.05185e-005 0.00784326 0.341258 1.00003
0 0 0 -3.05185e-005 0.00784326 0.341258 1.00003
0 0 0 -3.05185e-005 0.00784326 0.341258 1.00003
0 0 0 -3.05185e-005 0.00784326 0.412671 0.914121
0 0 0 -3.05185e-005 0.00784326 0.412671 0.914121
0 0 0 -3.05185e-005 0.00784326 0.412671 0.914121
0 0 0 -3.05185e-005 0.00784326 0.436506 0.851619
0 0 0 -3.05185e-005 0.00784326 0.436506 0.851619
0 0 0 -3.05185e-005 0.00784326 0.523789 0.789117
0 0 0 -3.05185e-005 0.00784326 0.523789 0.789117
0 0 0 -3.05185e-005 0.00784326 0.563463 0.789117
0 0 0 -3.05185e-005 0.00784326 0.563463 0.789117
0 0 0 -3.05185e-005 0.00784326 0.563463 0.789117
0 0 0 -3.05185e-005 0.00784326 0.603168 0.757866
0 0 0 -3.05185e-005 0.00784326 0.619037 0.757866
0 0 0 -3.05185e-005 0.00784326 0.619037 0.757866
0 0 0 -3.05185e-005 0.00784326 0.619037 0.757866
0 0 0 -3.05185e-005 0.00784326 0.619037 0.757866
0 0 0 -3.05185e-005 0.00784326 0.634907 0.742241
0 0 0 -3.05185e-005 0.00784326 0.650777 0.742241
0 0 0 -3.05185e-005 0.00784326 0.650777 0.742241
0 0 0 -3.05185e-005 0.00784326 0.650777 0.742241
0 0 0 -3.05185e-005 0.00784326 0.650777 0.742241
0 0 0 -3.05185e-005 0.00784326 0.658711 0.742241
0 0 0 -3.05185e-005 0.00784326 0.658711 0.726615
0 0 0 -3.05185e-005 0.00784326 0.658711 0.726615
0 0 0 -3.05185e-005 0.00784326 0.658711 0.726615
0 0 0 -3.05185e-005 0.00784326 0.658711 0.726615
0 0 0 -3.05185e-005 0.00784326 0.761895 0.554735
0 0 0 -3.05185e-005 0.00784326 0.761895 0.554735
0 0 0 -3.05185e-005 0.00784326 0.761895 0.554735
0 0 0 -3.05185e-005 0.00784326 0.761895 0.554735
0 0 0 -3.05185e-005 0.00784326 0.801569 0.476608
0 0 0 -3.05185e-005 0.00784326 0.825373 0.382855
0 0 0 -3.05185e-005 0.00784326 0.825373 0.382855
0 0 0 -3.05185e-005 0.00784326 0.825373 0.382855
0 0 0 -3.05185e-005 0.00784326 0.825373 0.382855
0 0 0 -3.05185e-005 0.00784326 0.873012 0.304727
0 0 0 -3.05185e-005 0.00784326 0.880947 0.242225
0 0 0 -3.05185e-005 0.00784326 0.880947 0.242225
0 0 0 -3.05185e-005 0.00784326 0.880947 0.242225
0 0 0 -3.05185e-005 0.00784326 0.880947 0.195349
0 0 0 -3.05185e-005 0.00784326 0.880947 0.195349
0 0 0 -3.05185e-005 0.00784326 0.880947 0.132847
0 0 0 -3.05185e-005 0.00784326 0.880947 0.132847
0 0 0 -3.05185e-005 0.00784326 0.880947 0.132847
0 0 0 -3.05185e-005 0.00784326 0.880947 0.117222
0 0 0 -3.05185e-005 0.00784326 0.880947 0.117222
0 0 0 -3.05185e-005 0.00784326 0.896817 0.0390942
0 0 0 -3.05185e-005 0.00784326 0.896817 0.0390942
0 0 0 -3.05185e-005 0.00784326 0.896817 0.0390942
0 0 0 -3.05185e-005 0.00784326 0.896817 0.0390942
0 0 0 -3.05185e-005 0.00784326 0.896817 0.0390942
0 0 0 -3.05185e-005 0.00784326 0.873012 0.015656
0 0 0 -3.05185e-005 0.00784326 0.873012 0.015656
0 0 0 -3.05185e-005 0.00784326 0.841243 0.00784326
0 0 0 -3.05185e-005 0.00784326 0.841243 0.00784326
0 0 0 -3.05185e-005 0.00784326 0.841243 0.00784326
0 0 0 -3.05185e-005 0.00784326 0.825373 3.05185e-005
0 0 0 -3.05185e-005 0.00784326 0.825373 3.05185e-005
0 0 0 -3.05185e-005 0.00784326 0.825373 3.05185e-005
0 0 0 -3.05185e-005 0.00784326 0.825373 3.05185e-005
0 0 0 -3.05185e-005 0.00784326 0.825373 3.05185e-005
0 0 0 -3.05185e-005 0.00784326 0.769829 3.05185e-005
0 0 0 -3.05185e-005 0.00784326 0.769829 3.05185e-005
0 0 0 -3.05185e-005 0.00784326 0.769829 3.05185e-005
0 0 0 -3.05185e-005 0.00784326 0.769829 3.05185e-005
0 0 0 -3.05185e-005 0.00784326 0.769829 3.05185e-005
0 0 0 -3.05185e-005 0.00784326 0.746025 -0.0714133
0 0 0 -3.05185e-005 0.00784326 0.746025 -0.0714133
0 0 0 -3.05185e-005 0.00784326 0.746025 -0.0714133
0 0 0 -3.05185e-005 0.00784326 0.746025 -0.0714133
0 0 0 -3.05185e-005 0.00784326 0.746025 -0.0714133
0 0 0 -3.05185e-005 0.00784326 0.70632 -0.0952177
0 0 0 -3.05185e-005 0.00784326 0.70632 -0.0952177
0 0 0 -3.05185e-005 0.00784326 0.70632 -0.0952177
0 0 0 -3.05185e-005 0.00784326 0.70632 -0.0952177
0 0 0 -3.05185e-005 0.00784326 0.70632 -0.0952177
0 0 0 -3.05185e-005 0.00784326 0.70632 -0.150792
0 0 0 -3.05185e-005 0.00784326 0.70632 -0.150792
0 0 0 -3.05185e-005 0.00784326 0.70632 -0.150792
0 0 0 -3.05185e-005 0.00784326 0.70632 -0.150792
0 0 0 -3.05185e-005 0.00784326 0.70632 -0.150792
0 0 0 -3.05185e-005 0.00784326 0.674581 -0.222205
0 0 0 -3.05185e-005 0.00784326 0.674581 -0.222205
0 0 0 -3.05185e-005 0.00784326 0.674581 -0.222205
0 0 0 -3.05185e-005 0.00784326 0.674581 -0.222205
0 0 0 -3.05185e-005 0.00784326 0.674581 -0.222205
0 0 0 -3.05185e-005 0.00784326 0.595233 -0.301584
0 0 0 -3.05185e-005 0.00784326 0.595233 -0.301584
0 0 0 -3.05185e-005 0.00784326 0.595233 -0.301584
0 0 0 -3.05185e-005 0.00784326 0.595233 -0.301584
0 0 0 -3.05185e-005 0.00784326 0.563463 -0.341258
0 0 0 -3.05185e-005 0.00784326 0.49205 -0.372997
0 0 0 -3.05185e-005 0.00784326 0.49205 -0.372997
0 0 0 -3.05185e-005 0.00784326 0.49205 -0.372997
0 0 0 -3.05185e-005 0.00784326 0.49205 -0.372997
0 0 0 -3.05185e-005 0.00784326 0.452376 -0.372997
0 0 0 -3.05185e-005 0.00784326 0.396802 -0.372997
0 0 0 -3.05185e-005 0.00784326 0.396802 -0.372997
0 0 0 -3.05185e-005 0.00784326 0.396802 -0.372997
0 0 0 -3.05185e-005 0.00784326 0.380932 -0.388867
0 0 0 -3.05185e-005 0.00784326 0.380932 -0.388867
0 0 0 -3.05185e-005 0.00784326 0.372997 -0.388867
0 0 0 -3.05185e-005 0.00784326 0.372997 -0.388867
0 0 0 -3.05185e-005 0.00784326 0.372997 -0.388867
0 0 0 -3.05185e-005 0.00784326 0.372997 -0.388867
0 0 0 -3.05185e-005 0.00784326 0.325388 -0.388867
0 0 0 -3.05185e-005 0.00784326 0.301584 -0.388867
0 0 0 -3.05185e-005 0.00784326 0.301584 -0.388867
0 0 0 -3.05185e-005 0.00784326 0.301584 -0.388867
0 0 0 -3.05185e-005 0.00784326 0.301584 -0.388867
0 0 0 -3.05185e-005 0.00784326 0.301584 -0.388867
0 0 0 -3.05185e-005 0.00784326 0.174596 -0.365062
0 0 0 -3.05185e-005 0.00784326 0.174596 -0.365062
0 0 0 -3.05185e-005 0.00784326 0.174596 -0.365062
0 0 0 -3.05185e-005 0.00784326 0.174596 -0.365062
0 0 0 -3.05185e-005 0.00784326 0.174596 -0.365062
0 0 0 -3.05185e-005 0.00784326 0.0952177 -0.349193
0 0 0 -3.05185e-005 0.00784326 0.0952177 -0.349193
0 0 0 -3.05185e-005 0.00784326 0.0952177 -0.349193
0 0 0 -3.05185e-005 0.00784326 0.0952177 -0.349193
0 0 0 -3.05185e-005 0.00784326 0.0952177 -0.349193
0 0 0 -3.05185e-005 0.00784326 0.0396741 -0.349193
0 0 0 -3.05185e-005 0.00784326 0.0396741 -0.349193
0 0 0 -3.05185e-005 0.00784326 0.0396741 -0.349193
0 0 0 -3.05185e-005 0.00784326 -3.05185e-005 -0.341258
0 0 0 -3.05185e-005 0.00784326 -3.05185e-005 -0.341258
0 0 0 -3.05185e-005 0.00784326 -3.05185e-005 -0.261879
0 0 0 -3.05185e-005 0.00784326 -3.05185e-005 -0.261879
0 0 0 -3.05185e-005 0.00784326 -3.05185e-005 -0.261879
0 0 0 -3.05185e-005 0.00784326 -3.05185e-005 -0.261879
0 0 0 -3.05185e-005 0.00784326 -3.05185e-005 -0.261879
0 0 0 -3.05185e-005 0.00784326 -3.05185e-005 -0.24601
0 0 0 -3.05185e-005 0.00784326 -3.05185e-005 -0.24601
0 0 0 -3.05185e-005 0.00784326 -0.00784326 -0.24601
0 0 0 -3.05185e-005 0.00784326 -0.00784326 -0.24601
0 0 0 -3.05185e-005 0.00784326 -0.00784326 -0.24601
0 0 0 -3.05185e-005 0.00784326 -0.015656 -0.24601
0 0 0 -3.05185e-005 0.00784326 -0.015656 -0.24601
0 0 0 -3.05185e-005 0.00784326 -0.015656 -0.24601
0 0 0 -3.05185e-005 0.00784326 -0.015656 -0.24601
0 0 0 -3.05185e-005 0.00784326 -0.015656 -0.24601
0 0 0 -3.05185e-005 0.00784326 -0.0469069 -0.238075
0 0 0 -3.05185e-005 0.00784326 -0.0469069 -0.238075
0 0 0 -3.05185e-005 0.00784326 -0.0469069 -0.238075
0 0 0 -3.05185e-005 0.00784326 -0.0469069 -0.238075
0 0 0 -3.05185e-005 0.00784326 -0.0469069 -0.238075
0 0 0 -3.05185e-005 0.00784326 -0.101596 -0.222205
0 0 0 -3.05185e-005 0.00784326 -0.101596 -0.222205
0 0 0 -3.05185e-005 0.00784326 -0.101596 -0.222205
0 0 0 -3.05185e-005 0.00784326 -0.101596 -0.222205
0 0 0 -3.05185e-005 0.00784326 -0.101596 -0.222205
0 0 0 -3.05185e-005 0.00784326 -0.179724 -0.182531
0 0 0 -3.05185e-005 0.00784326 -0.179724 -0.182531
0 0 0 -3.05185e-005 0.00784326 -0.179724 -0.182531
0 0 0 -3.05185e-005 0.00784326 -0.179724 -0.182531
0 0 0 -3.05185e-005 0.00784326 -0.179724 -0.182531
0 0 0 -3.05185e-005 0.00784326 -0.179724 -0.182531
0 0 0 -3.05185e-005 0.00784326 -0.179724 -0.182531
0 0 0 -3.05185e-005 0.00784326 -0.179724 -0.182531
0 0 0 -3.05185e-005 0.00784326 -0.179724 -0.174596
0 0 0 -3.05185e-005 0.00784326 -0.179724 -0.174596
0 0 0 -3.05185e-005 0.00784326 -0.195349 -0.158727
0 0 0 -3.05185e-005 0.00784326 -0.250038 -0.134892
0 0 0 -3.05185e-005 0.00784326 -0.250038 -0.134892
0 0 0 -3.05185e-005 0.00784326 -0.250038 -0.134892
0 0 0 -3.05185e-005 0.00784326 -0.250038 -0.134892
0 0 0 -3.05185e-005 0.00784326 -0.343791 -0.111087
0 0 0 -3.05185e-005 0.00784326 -0.343791 -0.111087
0 0 0 -3.05185e-005 0.00784326 -0.39848 -0.0317392
0 0 0 -3.05185e-005 0.00784326 -0.39848 -0.0317392
0 0 0 -3.05185e-005 0.00784326 -0.39848 -0.0317392
0 0 0 -3.05185e-005 0.00784326 -0.437544 3.05185e-005
0 0 0 -3.05185e-005 0.00784326 -0.437544 3.05185e-005
0 0 0 -3.05185e-005 0.00784326 -0.437544 3.05185e-005
0 0 0 -3.05185e-005 0.00784326 -0.437544 3.05185e-005
0 0 0 -3.05185e-005 0.00784326 -0.437544 3.05185e-005
0 0 0 -3.05185e-005 0.00784326 -0.437544 3.05185e-005
0 0 0 -3.05185e-005 0.00784326 -0.437544 3.05185e-005
0 0 0 -3.05185e-005 0.00784326 -0.437544 3.05185e-005
0 0 0 -3.05185e-005 0.00784326 -0.437544 3.05185e-005
0 0 0 -3.05185e-005 0.00784326 -0.437544 3.05185e-005
0 0 0 -3.05185e-005 0.00784326 -0.445357 0.00784326
0 0 0 -3.05185e-005 0.00784326 -0.445357 0.00784326
0 0 0 -3.05185e-005 0.00784326 -0.445357 0.00784326
0 0 0 -3.05185e-005 0.00784326 -0.445357 0.00784326
0 0 0 -3.05185e-005 0.00784326 -0.445357 0.00784326
0 0 0 -3.05185e-005 0.00784326 -0.500046 0.0390942
0 0 0 -3.05185e-005 0.00784326 -0.500046 0.0390942
0 0 0 -3.05185e-005 0.00784326 -0.500046 0.0390942
0 0 0 -3.05185e-005 0.00784326 -0.531297 0.101596
0 0 0 -3.05185e-005 0.00784326 -0.531297 0.101596
0 0 0 -3.05185e-005 0.00784326 -0.554735 0.132847
0 0 0 -3.05185e-005 0.00784326 -0.554735 0.132847
0 0 0 -3.05185e-005 0.00784326 -0.554735 0.132847
0 0 0 -3.05185e-005 0.00784326 -0.554735 0.132847
0 0 0 -3.05185e-005 0.00784326 -0.554735 0.132847
0 0 0 -3.05185e-005 0.00784326 -0.62505 0.2266
0 0 0 -3.05185e-005 0.00784326 -0.62505 0.2266
0 0 0 -3.05185e-005 0.00784326 -0.648488 0.257851
0 0 0 -3.05185e-005 0.00784326 -0.648488 0.257851
0 0 0 -3.05185e-005 0.00784326 -0.648488 0.257851
0 0 0 -3.05185e-005 0.00784326 -0.671926 0.320353
0 0 0 -3.05185e-005 0.00784326 -0.671926 0.320353
0 0 0 -3.05185e-005 0.00784326 -0.671926 0.320353
0 0 0 -3.05185e-005 0.00784326 -0.671926 0.320353
0 0 0 -3.05185e-005 0.00784326 -0.71099 0.382855
0 0 0 -3.05185e-005 0.00784326 -0.765679 0.492233
0 0 0 -3.05185e-005 0.00784326 -0.765679 0.492233
0 0 0 -3.05185e-005 0.00784326 -0.765679 0.492233
0 0 0 -3.05185e-005 0.00784326 -0.765679 0.492233
0 0 0 -3.05185e-005 0.00784326 -0.765679 0.492233
0 0 0 -3.05185e-005 0.00784326 -0.804743 0.601611
0 0 0 -3.05185e-005 0.00784326 -0.804743 0.601611
0 0 0 -3.05185e-005 0.00784326 -0.804743 0.601611
0 0 0 -3.05185e-005 0.00784326 -0.804743 0.601611
0 0 0 -3.05185e-005 0.00784326 -0.804743 0.601611
0 0 0 -3.05185e-005 0.00784326 -0.835994 0.726615
0 0 0 -3.05185e-005 0.00784326 -0.835994 0.726615
0 0 0 -3.05185e-005 0.00784326 -0.835994 0.726615
0 0 0 -3.05185e-005 0.00784326 -0.835994 0.726615
0 0 0 -3.05185e-005 0.00784326 -0.835994 0.726615
0 0 0 -3.05185e-005 0.00784326 -0.859432 0.742241
0 0 0 -3.05185e-005 0.00784326 -0.859432 0.742241
0 0 0 -3.05185e-005 0.00784326 -0.859432 0.742241
0 0 0 -3.05185e-005 0.00784326 -0.859432 0.742241
0 0 0 -3.05185e-005 0.00784326 -0.859432 0.742241
0 0 0 -3.05185e-005 0.00784326 -0.859432 0.789117
0 0 0 -3.05185e-005 0.00784326 -0.859432 0.789117
0 0 0 -3.05185e-005 0.00784326 -0.859432 0.789117
0 0 0 -3.05185e-005 0.00784326 -0.859432 0.789117
0 0 0 -3.05185e-005 0.00784326 -0.859432 0.789117
0 0 0 -3.05185e-005 0.00784326 -0.875057 0.804743
0 0 0 -3.05185e-005 0.00784326 -0.875057 0.804743
0 0 0 -3.05185e-005 0.00784326 -0.875057 0.820368
0 0 0 -3.05185e-005 0.00784326 -0.875057 0.820368
0 0 0 -3.05185e-005 0.00784326 -0.875057 0.820368
0 0 0 -3.05185e-005 0.00784326 -0.875057 0.835994
0 0 0 -3.05185e-005 0.00784326 -0.875057 0.835994
0 0 0 -3.05185e-005 0.00784326 -0.875057 0.835994
0 0 0 -3.05185e-005 0.00784326 -0.875057 0.835994
0 0 0 -3.05185e-005 0.00784326 -0.875057 0.835994
0 0 0 -3.05185e-005 0.00784326 -0.875057 0.835994
0 0 0 -3.05185e-005 0.00784326 -0.875057 0.851619
0 0 0 -3.05185e-005 0.00784326 -0.875057 0.851619
0 0 0 -3.05185e-005 0.00784326 -0.875057 0.851619
0 0 0 -3.05185e-005 0.00784326 -0.875057 0.851619
0 0 0 -3.05185e-005 0.00784326 -0.875057 0.867244
0 0 0 -3.05185e-005 0.00784326 -0.875057 0.867244
0 0 0 -3.05185e-005 0.00784326 -0.875057 0.867244
0 0 0 -3.05185e-005 0.00784326 -0.875057 0.867244
0 0 0 -3.05185e-005 0.00784326 -0.851619 0.867244
0 0 0 -3.05185e-005 0.00784326 -0.835994 0.929746
0 0 0 -3.05185e-005 0.00784326 -0.835994 0.929746
0 0 0 -3.05185e-005 0.00784326 -0.835994 0.929746
0 0 0 -3.05185e-005 0.00784326 -0.835994 0.929746
0 0 0 -3.05185e-005 0.00784326 -0.835994 0.929746
0 0 0 -3.05185e-005 0.00784326 -0.804743 1.00003
0 0 0 -3.05185e-005 0.00784326 -0.804743 1.00003
0 0 0 -3.05185e-005 0.00784326 -0.804743 1.00003
0 0 0 -3.05185e-005 0.00784326 -0.804743 1.00003
0 0 0 -3.05185e-005 0.00784326 -0.804743 1.00003
0 0 0 -3.05185e-005 0.00784326 -0.804743 1.00003
0 0 0 -3.05185e-005 0.00784326 -0.804743 1.00003
0 0 0 -3.05185e-005 0.00784326 -0.804743 1.00003
0 0 0 -3.05185e-005 0.00784326 -0.804743 1.00003
0 0 0 -3.05185e-005 0.00784326 -0.804743 1.00003
0 0 0 -3.05185e-005 0.00784326 -0.804743 1.00003
0 0 0 -3.05185e-005 0.00784326 -0.804743 1.00003
0 0 0 -3.05185e-005 0.00784326 -0.804743 1.00003
0 0 0 -3.05185e-005 0.00784326 -0.804743 1.00003
0 0 0 -3.05185e-005 0.00784326 -0.804743 1.00003
0 0 0 -3.05185e-005 0.00784326 -0.781304 1.00003
0 0 0 -3.05185e-005 0.00784326 -0.781304 1.00003
0 0 0 -3.05185e-005 0.00784326 -0.781304 1.00003
0 0 0 -3.05185e-005 0.00784326 -0.765679 1.00003
0 0 0 -3.05185e-005 0.00784326 -0.765679 1.00003
0 0 0 -3.05185e-005 0.00784326 -0.757866 1.00003
0 0 0 -3.05185e-005 0.00784326 -0.757866 1.00003
0 0 0 -3.05185e-005 0.00784326 -0.757866 1.00003
0 0 0 -3.05185e-005 0.00784326 -0.757866 1.00003
0 0 0 -3.05185e-005 0.00784326 -0.742241 1.00003
0 0 0 -3.05185e-005 0.00784326 -0.71099 1.00003
0 0 0 -3.05185e-005 0.00784326 -0.71099 1.00003
0 0 0 -3.05185e-005 0.00784326 -0.71099 1.00003
0 0 0 -3.05185e-005 0.00784326 -0.71099 1.00003
0 0 0 -3.05185e-005 0.00784326 -0.703177 1.00003
0 0 0 -3.05185e-005 0.00784326 -0.648488 1.00003
0 0 0 -3.05185e-005 0.00784326 -0.648488 1.00003
0 0 0 -3.05185e-005 0.00784326 -0.648488 1.00003
0 0 0 -3.05185e-005 0.00784326 -0.632862 1.00003
0 0 0 -3.05185e-005 0.00784326 -0.632862 1.00003
0 0 0 -3.05185e-005 0.00784326 -0.609424 1.00003
0 0 0 -3.05185e-005 0.00784326 -0.609424 1.00003
0 0 0 -3.05185e-005 0.00784326 -0.593799 1.00003
0 0 0 -3.05185e-005 0.00784326 -0.593799 1.00003
0 0 0 -3.05185e-005 0.00784326 -0.593799 1.00003
0 0 0 -3.05185e-005 0.00784326 -0.539109 1.00003
0 0 0 -3.05185e-005 0.00784326 -0.539109 1.00003
0 0 0 -3.05185e-005 0.00784326 -0.492233 1.00003
0 0 0 -3.05185e-005 0.00784326 -0.492233 1.00003
0 0 0 -3.05185e-005 0.00784326 -0.492233 1.00003
0 0 0 -3.05185e-005 0.00784326 -0.460982 1.00003
0 0 0 -3.05185e-005 0.00784326 -0.460982 1.00003
0 0 0 -3.05185e-005 0.00784326 -0.460982 1.00003
0 0 0 -3.05185e-005 0.00784326 -0.460982 1.00003
0 0 0 -3.05185e-005 0.00784326 -0.460982 1.00003
0 0 0 -3.05185e-005 0.00784326 -0.445357 1.00003
0 0 0 -3.05185e-005 0.00784326 -0.445357 1.00003
0 0 0 -3.05185e-005 0.00784326 -0.445357 1.00003
0 0 0 -3.05185e-005 0.00784326 -0.445357 1.00003
0 0 0 -3.05185e-005 0.00784326 -0.445357 1.00003
0 0 0 -3.05185e-005 0.00784326 -0.445357 1.00003
0 0 0 -3.05185e-005 0.00784326 -0.445357 1.00003
0 0 0 -3.05185e-005 0.00784326 -0.445357 1.00003
0 0 0 -3.05185e-005 0.00784326 -0.445357 1.00003
0 0 0 -3.05185e-005 0.00784326 -0.445357 1.00003
0 0 0 -3.05185e-005 0.00784326 -0.437544 1.00003
0 0 0 -3.05185e-005 0.00784326 -0.437544 1.00003
0 0 0 -3.05185e-005 0.00784326 -0.437544 1.00003
0 0 0 -3.05185e-005 0.00784326 -0.437544 1.00003
0 0 0 -3.05185e-005 0.00784326 -0.421918 1.00003
0 0 0 -3.05185e-005 0.00784326 -0.406293 1.00003
0 0 0 -3.05185e-005 0.00784326 -0.406293 1.00003
0 0 0 -3.05185e-005 0.00784326 -0.406293 1.00003
0 0 0 -3.05185e-005 0.00784326 -0.406293 1.00003
0 0 0 -3.05185e-005 0.00784326 -0.39848 1.00003
0 0 0 -3.05185e-005 0.00784326 -0.39848 1.00003
0 0 0 -3.05185e-005 0.00784326 -0.39848 1.00003
0 0 0 -3.05185e-005 0.00784326 -0.39848 1.00003
0 0 0 -3.05185e-005 0.00784326 -0.39848 1.00003
0 0 0 -3.05185e-005 0.00784326 -0.39848 1.00003
0 0 0 -3.05185e-005 0.00784326 -0.382855 1.00003
0 0 0 -3.05185e-005 0.00784326 -0.382855 1.00003
0 0 0 -3.05185e-005 0.00784326 -0.367229 1.00003
0 0 0 -3.05185e-005 0.00784326 -0.367229 1.00003
0 0 0 -3.05185e-005 0.00784326 -0.367229 1.00003
0 0 0 -3.05185e-005 0.00784326 -0.328166 1.00003
0 0 0 -3.05185e-005 0.00784326 -0.328166 1.00003
0 0 0 -3.05185e-005 0.00784326 -0.328166 1.00003
0 0 0 -3.05185e-005 0.00784326 -0.328166 1.00003
0 0 0 -3.05185e-005 0.00784326 -0.328166 1.00003
0 0 0 -3.05185e-005 0.00784326 -0.234413 1.00003
0 0 0 -3.05185e-005 0.00784326 -0.234413 1.00003
0 0 0 -3.05185e-005 0.00784326 -0.234413 1.00003
0 0 0 -3.05185e-005 0.00784326 -0.234413 1.00003
0 0 0 -3.05185e-005 0.00784326 -0.234413 1.00003
0 0 0 -3.05185e-005 0.00784326 -0.195349 1.00003
0 0 0 -3.05185e-005 0.00784326 -0.195349 1.00003
0 0 0 -3.05185e-005 0.00784326 -0.195349 1.00003
0 0 0 -3.05185e-005 0.00784326 -0.195349 1.00003
0 0 0 -3.05185e-005 0.00784326 -0.179724 1.00003
0 0 0 -3.05185e-005 0.00784326 -0.171911 1.00003
0 0 0 -3.05185e-005 0.00784326 -0.171911 1.00003
0 0 0 -3.05185e-005 0.00784326 -0.171911 1.00003
0 0 0 -3.05185e-005 0.00784326 -0.171911 1.00003
0 0 0 -3.05185e-005 0.00784326 -0.171911 1.00003
0 0 0 -3.05185e-005 0.00784326 -0.14066 1.00003
0 0 0 -3.05185e-005 0.00784326 -0.14066 1.00003
0 0 0 -3.05185e-005 0.00784326 -0.14066 1.00003
0 0 0 -3.05185e-005 0.00784326 -0.14066 1.00003
