0 0 0 -0.708701 -0.0787378 0.201239 0.335856
0 0 0 -0.708701 -0.0787378 0.201239 0.335856
0 0 0 -0.708701 -0.0787378 0.201239 0.335856
0 0 0 -0.708701 -0.0787378 0.201239 0.335856
0 0 0 -0.708701 -0.0944853 0.201239 0.335856
0 0 0 -0.708701 -0.102359 0.201239 0.335856
0 0 0 -0.708701 -0.102359 0.201239 0.335856
0 0 0 -0.708701 -0.102359 0.201239 0.335856
0 0 0 -0.708701 -0.102359 0.201239 0.335856
0 0 0 -0.708701 -0.118107 0.201239 0.335856
0 0 0 -0.68508 -0.141728 0.201239 0.335856
0 0 0 -0.68508 -0.141728 0.201239 0.335856
0 0 0 -0.68508 -0.141728 0.201239 0.335856
0 0 0 -0.68508 -0.141728 0.201239 0.335856
0 0 0 -0.708701 -0.141728 0.201239 0.335856
0 0 0 -0.708701 -0.157476 0.201239 0.335856
0 0 0 -0.708701 -0.157476 0.201239 0.335856
0 0 0 -0.708701 -0.157476 0.201239 0.335856
0 0 0 -0.708701 -0.157476 0.201239 0.335856
0 0 0 -0.68508 -0.165349 0.201239 0.335856
0 0 0 -0.708701 -0.165349 0.201239 0.335856
0 0 0 -0.708701 -0.165349 0.201239 0.335856
0 0 0 -0.708701 -0.165349 0.201239 0.335856
0 0 0 -0.708701 -0.181097 0.201239 0.335856
0 0 0 -0.708701 -0.181097 0.201239 0.335856
0 0 0 -0.68508 -0.181097 0.201239 0.335856
0 0 0 -0.68508 -0.181097 0.201239 0.335856
0 0 0 -0.68508 -0.181097 0.201239 0.335856
0 0 0 -0.708701 -0.181097 0.201239 0.335856
0 0 0 -0.708701 -0.181097 0.201239 0.335856
0 0 0 -0.708701 -0.12598 0.201239 0.335856
0 0 0 -0.708701 -0.12598 0.201239 0.335856
0 0 0 -0.68508 -0.0944853 0.201239 0.335856
0 0 0 -0.68508 -0.0944853 0.201239 0.335856
0 0 0 -0.68508 -0.0944853 0.201239 0.335856
0 0 0 -0.68508 -0.0551164 0.201239 0.335856
0 0 0 -0.68508 -0.0551164 0.201239 0.335856
0 0 0 -0.653584 0 0.201239 0.335856
0 0 0 -0.653584 0 0.201239 0.335856
0 0 0 -0.653584 0 0.201239 0.335856
0 0 0 -0.637837 0 0.201239 0.335856
0 0 0 -0.637837 0 0.201239 0.335856
0 0 0 -0.637837 0 0.201239 0.335856
0 0 0 -0.637837 0 0.201239 0.335856
0 0 0 -0.637837 0 0.201239 0.335856
0 0 0 -0.606342 0 0.201239 0.335856
0 0 0 -0.606342 0 0.201239 0.335856
0 0 0 -0.574847 0 0.201239 0.335856
0 0 0 -0.574847 0 0.201239 0.335856
0 0 0 -0.574847 0 0.201239 0.335856
0 0 0 -0.559099 0 0.201239 0.335856
0 0 0 -0.488235 0 0.201239 0.335856
0 0 0 -0.488235 0 0.201239 0.335856
0 0 0 -0.488235 0 0.201239 0.335856
0 0 0 -0.488235 0 0.201239 0.335856
0 0 0 -0.440992 0 0.201239 0.335856
0 0 0 -0.440992 0 0.201239 0.335856
0 0 0 -0.39375 0 0.201239 0.335856
0 0 0 -0.39375 0 0.201239 0.335856
0 0 0 -0.39375 0 0.201239 0.335856
0 0 0 -0.291391 0 0.201239 0.335856
0 0 0 -0.291391 0 0.201239 0.335856
0 0 0 -0.291391 0 0.201239 0.335856
0 0 0 -0.291391 0 0.201239 0.335856
0 0 0 -0.291391 0 0.201239 0.335856
0 0 0 -0.244148 0 0.201239 0.335856
0 0 0 -0.181158 0 0.201239 0.335856
0 0 0 -0.181158 0 0.201239 0.335856
0 0 0 -0.181158 0 0.201239 0.335856
0 0 0 -0.181158 0 0.201239 0.335856
0 0 0 -0.0787988 0 0.201239 0.335856
0 0 0 -0.0787988 0 0.201239 0.335856
0 0 0 -0.0787988 0 0.201239 0.335856
0 0 0 -0.0787988 0 0.201239 0.335856
0 0 0 -0.0787988 0 0.201239 0.335856
0 0 0 -3.05185e-005 0 0.201239 0.335856
0 0 0 -3.05185e-005 0 0.201239 0.335856
0 0 0 -3.05185e-005 0 0.201239 0.335856
0 0 0 -3.05185e-005 0 0.201239 0.335856
0 0 0 -3.05185e-005 0 0.201239 0.335856
0 0 0 0.00787378 0 0.201239 0.335856
0 0 0 0.00787378 0 0.201239 0.335856
0 0 0 0.00787378 0 0.201239 0.335856
0 0 0 0.00787378 0 0.201239 0.335856
0 0 0 0.00787378 0 0.201239 0.335856
0 0 0 0.00787378 0 0.201239 0.335856
0 0 0 0.00787378 0 0.201239 0.335856
0 0 0 0.00787378 0 0.201239 0.335856
0 0 0 0.00787378 0 0.201239 0.335856
0 0 0 0.00787378 0 0.201239 0.335856
0 0 0 0.0236213 0 0.201239 0.335856
0 0 0 0.0236213 0 0.201239 0.335856
0 0 0 0.0236213 0 0.201239 0.335856
0 0 0 0.0236213 0 0.201239 0.335856
0 0 0 0.0314951 0 0.201239 0.335856
0 0 0 0.0393689 0 0.201239 0.335856
0 0 0 0.0393689 0 0.201239 0.335856
0 0 0 0.0393689 0 0.201239 0.335856
0 0 0 0.0393689 0 0.201239 0.335856
0 0 0 0.0629902 0 0.201239 0.335856
0 0 0 0.070864 0 0.201239 0.335856
0 0 0 0.070864 0 0.201239 0.335856
0 0 0 0.070864 0 0.201239 0.335856
0 0 0 0.0944853 0 0.201239 0.335856
0 0 0 0.0944853 0 0.201239 0.335856
0 0 0 0.118107 0 0.201239 0.335856
0 0 0 0.118107 0 0.201239 0.335856
0 0 0 0.118107 0 0.201239 0.335856
0 0 0 0.118107 0 0.201239 0.335856
0 0 0 0.118107 0.00793481 0.201239 0.335856
0 0 0 0.157476 0.00793481 0.201239 0.335856
0 0 0 0.157476 0.00793481 0.201239 0.335856
0 0 0 0.157476 0.00793481 0.201239 0.335856
0 0 0 0.165349 0.00793481 0.201239 0.335856
0 0 0 0.165349 0.00793481 0.201239 0.335856
0 0 0 0.173223 0.00793481 0.201239 0.335856
0 0 0 0.173223 0.00793481 0.201239 0.335856
0 0 0 0.173223 0.00793481 0.201239 0.335856
0 0 0 0.188971 0.00793481 0.201239 0.335856
0 0 0 0.188971 0.00793481 0.201239 0.335856
0 0 0 0.188971 0.0236824 0.201239 0.335856
0 0 0 0.188971 0.0236824 0.201239 0.335856
0 0 0 0.228339 0.0394299 0.201239 0.335856
0 0 0 0.228339 0.0394299 0.201239 0.335856
0 0 0 0.228339 0.0394299 0.201239 0.335856
0 0 0 0.236213 0.0551775 0.201239 0.335856
0 0 0 0.236213 0.0551775 0.201239 0.335856
0 0 0 0.251961 0.070925 0.201239 0.335856
0 0 0 0.251961 0.070925 0.201239 0.335856
0 0 0 0.251961 0.070925 0.201239 0.335856
0 0 0 0.251961 0.118168 0.201239 0.335856
0 0 0 0.251961 0.118168 0.201239 0.335856
0 0 0 0.267708 0.133915 0.201239 0.335856
0 0 0 0.267708 0.133915 0.201239 0.335856
0 0 0 0.267708 0.133915 0.201239 0.335856
0 0 0 0.267708 0.149663 0.201239 0.335856
0 0 0 0.267708 0.149663 0.201239 0.335856
0 0 0 0.29133 0.149663 0.201239 0.335856
0 0 0 0.29133 0.149663 0.201239 0.335856
0 0 0 0.29133 0.149663 0.201239 0.335856
0 0 0 0.299203 0.157537 0.201239 0.335856
0 0 0 0.314951 0.157537 0.201239 0.335856
0 0 0 0.314951 0.157537 0.201239 0.335856
0 0 0 0.314951 0.157537 0.201239 0.335856
0 0 0 0.314951 0.157537 0.201239 0.335856
0 0 0 0.338572 0.157537 0.201239 0.335856
0 0 0 0.362194 0.157537 0.201239 0.335856
0 0 0 0.362194 0.157537 0.201239 0.335856
0 0 0 0.362194 0.157537 0.201239 0.335856
0 0 0 0.362194 0.157537 0.201239 0.335856
0 0 0 0.370067 0.157537 0.201239 0.335856
0 0 0 0.385815 0.157537 0.201239 0.335856
0 0 0 0.385815 0.157537 0.201239 0.335856
0 0 0 0.385815 0.157537 0.201239 0.335856
0 0 0 0.385815 0.157537 0.201239 0.335856
0 0 0 0.393689 0.157537 0.201239 0.335856
0 0 0 0.41731 0.157537 0.201239 0.335856
0 0 0 0.41731 0.157537 0.201239 0.335856
0 0 0 0.41731 0.157537 0.201239 0.335856
0 0 0 0.41731 0.157537 0.201239 0.335856
0 0 0 0.433058 0.173284 0.201239 0.335856
0 0 0 0.433058 0.173284 0.201239 0.335856
0 0 0 0.433058 0.173284 0.201239 0.335856
0 0 0 0.433058 0.173284 0.201239 0.335856
0 0 0 0.433058 0.173284 0.201239 0.335856
0 0 0 0.4803 0.173284 0.201239 0.335856
0 0 0 0.4803 0.173284 0.201239 0.335856
0 0 0 0.4803 0.173284 0.201239 0.335856
0 0 0 0.4803 0.173284 0.201239 0.335856
0 0 0 0.4803 0.173284 0.201239 0.335856
0 0 0 0.535417 0.173284 0.201239 0.335856
0 0 0 0.535417 0.173284 0.201239 0.335856
0 0 0 0.535417 0.173284 0.201239 0.335856
0 0 0 0.535417 0.173284 0.201239 0.335856
0 0 0 0.551164 0.173284 0.201239 0.335856
0 0 0 0.566912 0.173284 0.201239 0.335856
0 0 0 0.566912 0.173284 0.201239 0.335856
0 0 0 0.566912 0.173284 0.201239 0.335856
0 0 0 0.566912 0.173284 0.201239 0.335856
0 0 0 0.582659 0.173284 0.201239 0.335856
0 0 0 0.590533 0.173284 0.201239 0.335856
0 0 0 0.590533 0.173284 0.201239 0.335856
0 0 0 0.590533 0.173284 0.201239 0.335856
0 0 0 0.590533 0.173284 0.201239 0.335856
0 0 0 0.598407 0.173284 0.201239 0.335856
0 0 0 0.622028 0.173284 0.201239 0.335856
0 0 0 0.622028 0.173284 0.201239 0.335856
0 0 0 0.622028 0.173284 0.201239 0.335856
0 0 0 0.622028 0.173284 0.201239 0.335856
0 0 0 0.622028 0.173284 0.201239 0.335856
0 0 0 0.622028 0.173284 0.201239 0.335856
0 0 0 0.622028 0.173284 0.201239 0.335856
0 0 0 0.622028 0.173284 0.201239 0.335856
0 0 0 0.622028 0.173284 0.201239 0.335856
0 0 0 0.622028 0.173284 0.201239 0.335856
0 0 0 0.622028 0.173284 0.201239 0.335856
0 0 0 0.622028 0.173284 0.201239 0.335856
0 0 0 0.622028 0.173284 0.201239 0.335856
0 0 0 0.622028 0.173284 0.201239 0.335856
0 0 0 0.622028 0.173284 0.201239 0.335856
0 0 0 0.622028 0.173284 0.201239 0.335856
0 0 0 0.622028 0.173284 0.201239 0.335856
0 0 0 0.622028 0.173284 0.201239 0.335856
0 0 0 0.622028 0.173284 0.201239 0.335856
0 0 0 0.622028 0.173284 0.201239 0.335856
0 0 0 0.622028 0.173284 0.201239 0.335856
0 0 0 0.622028 0.173284 0.201239 0.335856
0 0 0 0.622028 0.173284 0.201239 0.335856
0 0 0 0.622028 0.173284 0.201239 0.335856
0 0 0 0.622028 0.173284 0.201239 0.335856
0 0 0 0.622028 0.173284 0.201239 0.335856
0 0 0 0.622028 0.173284 0.201239 0.335856
0 0 0 0.622028 0.173284 0.201239 0.335856
0 0 0 0.622028 0.173284 0.201239 0.335856
0 0 0 0.622028 0.173284 0.201239 0.335856
0 0 0 0.598407 0.173284 0.201239 0.335856
0 0 0 0.598407 0.173284 0.201239 0.335856
0 0 0 0.598407 0.173284 0.201239 0.335856
0 0 0 0.590533 0.173284 0.201239 0.335856
0 0 0 0.590533 0.173284 0.201239 0.335856
0 0 0 0.582659 0.173284 0.201239 0.335856
0 0 0 0.566912 0.173284 0.201239 0.335856
0 0 0 0.566912 0.173284 0.201239 0.335856
0 0 0 0.566912 0.173284 0.201239 0.335856
0 0 0 0.566912 0.173284 0.201239 0.335856
0 0 0 0.559038 0.149663 0.201239 0.335856
0 0 0 0.559038 0.149663 0.201239 0.335856
0 0 0 0.535417 0.0866726 0.201239 0.335856
0 0 0 0.535417 0.0866726 0.201239 0.335856
0 0 0 0.535417 0.0866726 0.201239 0.335856
0 0 0 0.503922 0.0866726 0.201239 0.335856
0 0 0 0.4803 0.070925 0.201239 0.335856
0 0 0 0.4803 0.070925 0.201239 0.335856
0 0 0 0.4803 0.070925 0.201239 0.335856
0 0 0 0.4803 0.070925 0.201239 0.335856
0 0 0 0.433058 0.0551775 0.201239 0.335856
0 0 0 0.425184 0.0551775 0.201239 0.335856
0 0 0 0.425184 0.0551775 0.201239 0.335856
0 0 0 0.425184 0.0551775 0.201239 0.335856
0 0 0 0.425184 0.0551775 0.201239 0.335856
0 0 0 0.385815 0.0551775 0.201239 0.335856
0 0 0 0.35432 0.0394299 0.201239 0.335856
0 0 0 0.35432 0.0394299 0.201239 0.335856
0 0 0 0.35432 0.0394299 0.201239 0.335856
0 0 0 0.35432 0.0394299 0.201239 0.335856
0 0 0 0.299203 0.0236824 0.201239 0.335856
0 0 0 0.299203 0.0236824 0.201239 0.335856
0 0 0 0.299203 0.0236824 0.201239 0.335856
0 0 0 0.299203 0.0236824 0.201239 0.335856
0 0 0 0.299203 0.0236824 0.201239 0.335856
0 0 0 0.236213 3.05185e-005 0.201239 0.335856
0 0 0 0.236213 3.05185e-005 0.201239 0.335856
0 0 0 0.236213 3.05185e-005 0.201239 0.335856
0 0 0 0.236213 3.05185e-005 0.201239 0.335856
0 0 0 0.236213 3.05185e-005 0.201239 0.335856
0 0 0 0.133854 3.05185e-005 0.201239 0.335856
0 0 0 0.133854 3.05185e-005 0.201239 0.335856
0 0 0 0.133854 3.05185e-005 0.201239 0.335856
0 0 0 0.133854 3.05185e-005 0.201239 0.335856
0 0 0 0.118107 3.05185e-005 0.201239 0.335856
0 0 0 0.070864 3.05185e-005 0.201239 0.335856
0 0 0 0.070864 3.05185e-005 0.201239 0.335856
0 0 0 0.070864 3.05185e-005 0.201239 0.335856
0 0 0 0.0629902 3.05185e-005 0.201239 0.335856
0 0 0 0.0629902 3.05185e-005 0.201239 0.335856
0 0 0 0.0551164 3.05185e-005 0.201239 0.335856
0 0 0 0.0551164 3.05185e-005 0.201239 0.335856
0 0 0 0.0551164 3.05185e-005 0.201239 0.335856
0 0 0 0.0551164 3.05185e-005 0.201239 0.335856
0 0 0 0.0393689 3.05185e-005 0.201239 0.335856
0 0 0 0.0236213 3.05185e-005 0.201239 0.335856
0 0 0 0.0236213 3.05185e-005 0.201239 0.335856
0 0 0 0.0236213 3.05185e-005 0.201239 0.335856
0 0 0 0.00787378 -0.0157476 0.201239 0.335856
0 0 0 0.00787378 -0.0157476 0.201239 0.335856
0 0 0 0 -0.0157476 0.201239 0.335856
0 0 0 0 -0.0157476 0.201239 0.335856
0 0 0 0 -0.0157476 0.201239 0.335856
0 0 0 0 -0.0551164 0.201239 0.335856
0 0 0 0 -0.0551164 0.201239 0.335856
0 0 0 0 -0.0944853 0.201239 0.335856
0 0 0 0 -0.0944853 0.201239 0.335856
0 0 0 0 -0.0944853 0.201239 0.335856
0 0 0 0 -0.118107 0.201239 0.335856
0 0 0 0 -0.118107 0.201239 0.335856
0 0 0 0 -0.141728 0.201239 0.335856
0 0 0 0 -0.141728 0.201239 0.335856
0 0 0 0 -0.157476 0.201239 0.335856
0 0 0 0 -0.157476 0.201239 0.335856
0 0 0 0 -0.157476 0.201239 0.335856
0 0 0 0 -0.165349 0.201239 0.335856
0 0 0 0 -0.165349 0.201239 0.335856
0 0 0 0 -0.165349 0.201239 0.335856
0 0 0 0 -0.181097 0.201239 0.335856
0 0 0 0 -0.181097 0.201239 0.335856
0 0 0 0 -0.181097 0.201239 0.335856
0 0 0 0 -0.181097 0.201239 0.335856
0 0 0 0 -0.181097 0.201239 0.335856
0 0 0 0 -0.188971 0.201239 0.335856
0 0 0 0 -0.188971 0.201239 0.335856
0 0 0 -0.0158086 -0.188971 0.201239 0.335856
0 0 0 -0.0158086 -0.188971 0.201239 0.335856
0 0 0 -0.0158086 -0.204718 0.201239 0.335856
0 0 0 -0.0158086 -0.204718 0.201239 0.335856
0 0 0 -0.0158086 -0.204718 0.201239 0.335856
0 0 0 -0.0158086 -0.220466 0.201239 0.335856
0 0 0 -0.0158086 -0.228339 0.201239 0.335856
0 0 0 -0.0158086 -0.228339 0.201239 0.335856
0 0 0 -0.0158086 -0.228339 0.201239 0.335856
0 0 0 -0.0158086 -0.228339 0.201239 0.335856
0 0 0 -0.0158086 -0.244087 0.201239 0.335856
0 0 0 -0.0158086 -0.259835 0.201239 0.335856
0 0 0 -0.0158086 -0.259835 0.201239 0.335856
0 0 0 -0.0158086 -0.259835 0.201239 0.335856
0 0 0 -0.0158086 -0.259835 0.201239 0.335856
0 0 0 -0.0158086 -0.267708 0.201239 0.335856
0 0 0 -0.0158086 -0.283456 0.201239 0.335856
0 0 0 -0.0158086 -0.283456 0.201239 0.335856
0 0 0 -0.0158086 -0.283456 0.201239 0.335856
0 0 0 -0.0158086 -0.283456 0.201239 0.335856
0 0 0 -0.0630512 -0.322825 0.201239 0.335856
0 0 0 -0.0630512 -0.322825 0.201239 0.335856
0 0 0 -0.0630512 -0.322825 0.201239 0.335856
0 0 0 -0.0630512 -0.322825 0.201239 0.335856
0 0 0 -0.0630512 -0.322825 0.201239 0.335856
0 0 0 -0.141789 -0.385815 0.201239 0.335856
0 0 0 -0.141789 -0.385815 0.201239 0.335856
0 0 0 -0.141789 -0.385815 0.201239 0.335856
0 0 0 -0.141789 -0.385815 0.201239 0.335856
0 0 0 -0.141789 -0.385815 0.201239 0.335856
0 0 0 -0.181158 -0.433058 0.201239 0.335856
0 0 0 -0.181158 -0.433058 0.201239 0.335856
0 0 0 -0.181158 -0.433058 0.201239 0.335856
0 0 0 -0.212653 -0.472427 0.201239 0.335856
0 0 0 -0.212653 -0.472427 0.201239 0.335856
0 0 0 -0.259896 -0.511795 0.201239 0.335856
0 0 0 -0.259896 -0.511795 0.201239 0.335856
0 0 0 -0.259896 -0.511795 0.201239 0.335856
0 0 0 -0.259896 -0.511795 0.201239 0.335856
0 0 0 -0.275643 -0.519669 0.201239 0.335856
0 0 0 -0.275643 -0.551164 0.201239 0.335856
0 0 0 -0.275643 -0.551164 0.201239 0.335856
0 0 0 -0.291391 -0.559038 0.201239 0.335856
0 0 0 -0.291391 -0.559038 0.201239 0.335856
0 0 0 -0.291391 -0.559038 0.201239 0.335856
0 0 0 -0.291391 -0.574786 0.201239 0.335856
0 0 0 -0.291391 -0.574786 0.201239 0.335856
0 0 0 -0.291391 -0.574786 0.201239 0.335856
0 0 0 -0.307138 -0.574786 0.201239 0.335856
0 0 0 -0.307138 -0.574786 0.201239 0.335856
0 0 0 -0.338633 -0.574786 0.201239 0.335856
0 0 0 -0.362255 -0.598407 0.201239 0.335856
0 0 0 -0.362255 -0.598407 0.201239 0.335856
0 0 0 -0.362255 -0.598407 0.201239 0.335856
0 0 0 -0.362255 -0.598407 0.201239 0.335856
0 0 0 -0.440992 -0.622028 0.201239 0.335856
0 0 0 -0.440992 -0.622028 0.201239 0.335856
0 0 0 -0.440992 -0.622028 0.201239 0.335856
0 0 0 -0.440992 -0.622028 0.201239 0.335856
0 0 0 -0.440992 -0.622028 0.201239 0.335856
0 0 0 -0.488235 -0.661397 0.201239 0.335856
0 0 0 -0.488235 -0.661397 0.201239 0.335856
0 0 0 -0.488235 -0.661397 0.201239 0.335856
0 0 0 -0.488235 -0.661397 0.201239 0.335856
0 0 0 -0.527604 -0.677145 0.201239 0.335856
0 0 0 -0.543352 -0.677145 0.201239 0.335856
0 0 0 -0.543352 -0.677145 0.201239 0.335856
0 0 0 -0.543352 -0.677145 0.201239 0.335856
0 0 0 -0.543352 -0.677145 0.201239 0.335856
0 0 0 -0.559099 -0.685018 0.201239 0.335856
0 0 0 -0.559099 -0.700766 0.201239 0.335856
0 0 0 -0.559099 -0.700766 0.201239 0.335856
0 0 0 -0.559099 -0.700766 0.201239 0.335856
0 0 0 -0.574847 -0.700766 0.201239 0.335856
0 0 0 -0.574847 -0.700766 0.201239 0.335856
0 0 0 -0.590594 -0.700766 0.201239 0.335856
0 0 0 -0.590594 -0.700766 0.201239 0.335856
0 0 0 -0.590594 -0.700766 0.201239 0.335856
0 0 0 -0.590594 -0.70864 0.201239 0.335856
0 0 0 -0.590594 -0.70864 0.201239 0.335856
0 0 0 -0.606342 -0.70864 0.201239 0.335856
0 0 0 -0.606342 -0.70864 0.201239 0.335856
0 0 0 -0.606342 -0.70864 0.201239 0.335856
0 0 0 -0.606342 -0.70864 0.201239 0.335856
0 0 0 -0.622089 -0.70864 0.201239 0.335856
0 0 0 -0.637837 -0.70864 0.201239 0.335856
0 0 0 -0.637837 -0.70864 0.201239 0.335856
0 0 0 -0.653584 -0.70864 0.201239 0.335856
0 0 0 -0.653584 -0.70864 0.201239 0.335856
0 0 0 -0.653584 -0.70864 0.201239 0.335856
0 0 0 -0.68508 -0.724387 0.201239 0.335856
0 0 0 -0.68508 -0.724387 0.201239 0.335856
0 0 0 -0.68508 -0.724387 0.201239 0.335856
0 0 0 -0.708701 -0.740135 0.201239 0.335856
0 0 0 -0.708701 -0.740135 0.201239 0.335856
0 0 0 -0.724448 -0.748009 0.201239 0.335856
0 0 0 -0.724448 -0.763756 0.201239 0.335856
0 0 0 -0.724448 -0.763756 0.201239 0.335856
0 0 0 -0.724448 -0.763756 0.201239 0.335856
0 0 0 -0.724448 -0.763756 0.201239 0.335856
0 0 0 -0.740196 -0.763756 0.201239 0.335856
0 0 0 -0.740196 -0.763756 0.201239 0.335856
0 0 0 -0.755943 -0.779504 0.201239 0.335856
0 0 0 -0.755943 -0.779504 0.201239 0.335856
0 0 0 -0.755943 -0.779504 0.201239 0.335856
0 0 0 -0.755943 -0.779504 0.201239 0.335856
0 0 0 -0.755943 -0.779504 0.201239 0.335856
0 0 0 -0.755943 -0.779504 0.201239 0.335856
0 0 0 -0.755943 -0.779504 0.201239 0.335856
0 0 0 -0.755943 -0.779504 0.201239 0.335856
0 0 0 -0.755943 -0.779504 0.201239 0.335856
0 0 0 -0.755943 -0.779504 0.201239 0.335856
0 0 0 -0.755943 -0.779504 0.201239 0.335856
0 0 0 -0.755943 -0.779504 0.201239 0.335856
0 0 0 -0.755943 -0.779504 0.201239 0.335856
0 0 0 -0.755943 -0.779504 0.201239 0.335856
0 0 0 -0.755943 -0.779504 0.201239 0.335856
0 0 0 -0.755943 -0.779504 0.201239 0.335856
0 0 0 -0.755943 -0.779504 0.201239 0.335856
0 0 0 -0.755943 -0.779504 0.201239 0.335856
0 0 0 -0.755943 -0.779504 0.201239 0.335856
0 0 0 -0.755943 -0.779504 0.201239 0.335856
0 0 0 -0.755943 -0.779504 0.201239 0.335856
0 0 0 -0.755943 -0.779504 0.201239 0.335856
0 0 0 -0.755943 -0.779504 0.201239 0.335856
0 0 0 -0.755943 -0.779504 0.201239 0.335856
0 0 0 -0.755943 -0.779504 0.201239 0.335856
0 0 0 -0.755943 -0.779504 0.201239 0.335856
0 0 0 -0.755943 -0.779504 0.201239 0.335856
0 0 0 -0.755943 -0.779504 0.201239 0.335856
0 0 0 -0.755943 -0.779504 0.201239 0.335856
0 0 0 -0.755943 -0.779504 0.201239 0.335856
0 0 0 -0.755943 -0.779504 0.201239 0.335856
0 0 0 -0.755943 -0.779504 0.201239 0.335856
0 0 0 -0.755943 -0.779504 0.201239 0.335856
0 0 0 -0.755943 -0.779504 0.201239 0.335856
0 0 0 -0.755943 -0.779504 0.201239 0.335856
0 0 0 -0.755943 -0.779504 0.201239 0.335856
0 0 0 -0.755943 -0.779504 0.201239 0.335856
0 0 0 -0.755943 -0.779504 0.201239 0.335856
0 0 0 -0.755943 -0.779504 0.201239 0.335856
0 0 0 -0.755943 -0.779504 0.201239 0.335856
0 0 0 -0.755943 -0.779504 0.201239 0.335856
0 0 0 -0.755943 -0.779504 0.201239 0.335856
0 0 0 -0.755943 -0.779504 0.201239 0.335856
0 0 0 -0.755943 -0.748009 0.201239 0.335856
0 0 0 -0.755943 -0.748009 0.201239 0.335856
0 0 0 -0.755943 -0.748009 0.201239 0.335856
0 0 0 -0.755943 -0.748009 0.201239 0.335856
0 0 0 -0.755943 -0.748009 0.201239 0.335856
0 0 0 -0.724448 -0.740135 0.201239 0.335856
0 0 0 -0.724448 -0.740135 0.201239 0.335856
0 0 0 -0.724448 -0.740135 0.201239 0.335856
0 0 0 -0.724448 -0.740135 0.201239 0.335856
0 0 0 -0.724448 -0.740135 0.201239 0.335856
0 0 0 -0.755943 -0.724387 0.201239 0.335856
0 0 0 -0.755943 -0.724387 0.201239 0.335856
0 0 0 -0.755943 -0.724387 0.201239 0.335856
0 0 0 -0.755943 -0.70864 0.201239 0.335856
0 0 0 -0.755943 -0.70864 0.201239 0.335856
0 0 0 -0.724448 -0.700766 0.201239 0.335856
0 0 0 -0.68508 -0.685018 0.201239 0.335856
0 0 0 -0.653584 -0.677145 0.201239 0.335856
0 0 0 -0.622089 -0.661397 0.201239 0.335856
0 0 0 -0.622089 -0.661397 0.201239 0.335856
0 0 0 -0.622089 -0.64565 0.201239 0.335856
0 0 0 -0.622089 -0.64565 0.201239 0.335856
0 0 0 -0.606342 -0.614154 0.201239 0.335856
0 0 0 -0.590594 -0.614154 0.201239 0.335856
0 0 0 -0.590594 -0.614154 0.201239 0.335856
0 0 0 -0.559099 -0.582659 0.201239 0.335856
0 0 0 -0.559099 -0.582659 0.201239 0.335856
0 0 0 -0.559099 -0.582659 0.201239 0.335856
0 0 0 -0.559099 -0.582659 0.201239 0.335856
0 0 0 -0.543352 -0.582659 0.201239 0.335856
0 0 0 -0.527604 -0.574786 0.201239 0.335856
0 0 0 -0.527604 -0.574786 0.201239 0.335856
0 0 0 -0.503983 -0.574786 0.201239 0.335856
0 0 0 -0.503983 -0.574786 0.201239 0.335856
0 0 0 -0.503983 -0.574786 0.201239 0.335856
0 0 0 -0.39375 -0.574786 0.201239 0.335856
0 0 0 -0.39375 -0.574786 0.201239 0.335856
0 0 0 -0.39375 -0.574786 0.201239 0.335856
0 0 0 -0.39375 -0.574786 0.201239 0.335856
0 0 0 -0.39375 -0.574786 0.201239 0.335856
0 0 0 -0.307138 -0.559038 0.201239 0.335856
0 0 0 -0.307138 -0.559038 0.201239 0.335856
0 0 0 -0.307138 -0.559038 0.201239 0.335856
0 0 0 -0.307138 -0.559038 0.201239 0.335856
0 0 0 -0.275643 -0.559038 0.201239 0.335856
0 0 0 -0.259896 -0.559038 0.201239 0.335856
0 0 0 -0.259896 -0.559038 0.201239 0.335856
0 0 0 -0.259896 -0.559038 0.201239 0.335856
0 0 0 -0.228401 -0.559038 0.201239 0.335856
0 0 0 -0.228401 -0.559038 0.201239 0.335856
0 0 0 -0.196905 -0.535417 0.201239 0.335856
0 0 0 -0.157537 -0.519669 0.201239 0.335856
0 0 0 -0.157537 -0.519669 0.201239 0.335856
0 0 0 -0.0945463 -0.519669 0.201239 0.335856
0 0 0 -0.0945463 -0.519669 0.201239 0.335856
0 0 0 -0.0630512 -0.511795 0.201239 0.335856
0 0 0 -0.0630512 -0.511795 0.201239 0.335856
0 0 0 -3.05185e-005 -0.496048 0.201239 0.335856
0 0 0 -3.05185e-005 -0.496048 0.201239 0.335856
0 0 0 -3.05185e-005 -0.496048 0.201239 0.335856
0 0 0 -3.05185e-005 -0.496048 0.201239 0.335856
0 0 0 -3.05185e-005 -0.496048 0.201239 0.335856
0 0 0 -3.05185e-005 -0.496048 0.201239 0.335856
0 0 0 -3.05185e-005 -0.496048 0.201239 0.335856
0 0 0 -3.05185e-005 -0.496048 0.201239 0.335856
0 0 0 0.0393689 -0.496048 0.201239 0.335856
0 0 0 0.0393689 -0.496048 0.201239 0.335856
0 0 0 0.0393689 -0.496048 0.201239 0.335856
0 0 0 0.0393689 -0.496048 0.201239 0.335856
0 0 0 0.0551164 -0.496048 0.201239 0.335856
0 0 0 0.0551164 -0.488174 0.201239 0.335856
0 0 0 0.0551164 -0.488174 0.201239 0.335856
0 0 0 0.070864 -0.488174 0.201239 0.335856
0 0 0 0.070864 -0.488174 0.201239 0.335856
0 0 0 0.070864 -0.488174 0.201239 0.335856
0 0 0 0.0944853 -0.488174 0.201239 0.335856
0 0 0 0.118107 -0.488174 0.201239 0.335856
0 0 0 0.118107 -0.488174 0.201239 0.335856
0 0 0 0.118107 -0.488174 0.201239 0.335856
0 0 0 0.118107 -0.472427 0.201239 0.335856
0 0 0 0.12598 -0.456679 0.201239 0.335856
0 0 0 0.12598 -0.456679 0.201239 0.335856
0 0 0 0.12598 -0.456679 0.201239 0.335856
0 0 0 0.149602 -0.433058 0.201239 0.335856
0 0 0 0.149602 -0.433058 0.201239 0.335856
0 0 0 0.173223 -0.433058 0.201239 0.335856
0 0 0 0.173223 -0.433058 0.201239 0.335856
0 0 0 0.204718 -0.433058 0.201239 0.335856
0 0 0 0.204718 -0.433058 0.201239 0.335856
0 0 0 0.228339 -0.433058 0.201239 0.335856
0 0 0 0.228339 -0.41731 0.201239 0.335856
0 0 0 0.228339 -0.41731 0.201239 0.335856
0 0 0 0.228339 -0.41731 0.201239 0.335856
0 0 0 0.236213 -0.41731 0.201239 0.335856
0 0 0 0.236213 -0.41731 0.201239 0.335856
0 0 0 0.236213 -0.41731 0.201239 0.335856
0 0 0 0.236213 -0.41731 0.201239 0.335856
0 0 0 0.251961 -0.41731 0.201239 0.335856
0 0 0 0.251961 -0.41731 0.201239 0.335856
0 0 0 0.251961 -0.41731 0.201239 0.335856
0 0 0 0.259835 -0.41731 0.201239 0.335856
0 0 0 0.259835 -0.41731 0.201239 0.335856
0 0 0 0.259835 -0.41731 0.201239 0.335856
0 0 0 0.259835 -0.41731 0.201239 0.335856
0 0 0 0.259835 -0.41731 0.201239 0.335856
0 0 0 0.267708 -0.41731 0.201239 0.335856
0 0 0 0.283456 -0.41731 0.201239 0.335856
0 0 0 0.283456 -0.41731 0.201239 0.335856
0 0 0 0.283456 -0.41731 0.201239 0.335856
0 0 0 0.283456 -0.41731 0.201239 0.335856
0 0 0 0.299203 -0.409436 0.201239 0.335856
0 0 0 0.299203 -0.409436 0.201239 0.335856
0 0 0 0.330699 -0.409436 0.201239 0.335856
0 0 0 0.330699 -0.409436 0.201239 0.335856
0 0 0 0.330699 -0.409436 0.201239 0.335856
0 0 0 0.35432 -0.385815 0.201239 0.335856
0 0 0 0.35432 -0.385815 0.201239 0.335856
0 0 0 0.362194 -0.385815 0.201239 0.335856
0 0 0 0.362194 -0.385815 0.201239 0.335856
0 0 0 0.362194 -0.385815 0.201239 0.335856
0 0 0 0.370067 -0.385815 0.201239 0.335856
0 0 0 0.385815 -0.385815 0.201239 0.335856
0 0 0 0.385815 -0.385815 0.201239 0.335856
0 0 0 0.385815 -0.385815 0.201239 0.335856
0 0 0 0.385815 -0.385815 0.201239 0.335856
0 0 0 0.41731 -0.370067 0.201239 0.335856
0 0 0 0.41731 -0.370067 0.201239 0.335856
0 0 0 0.41731 -0.370067 0.201239 0.335856
0 0 0 0.41731 -0.370067 0.201239 0.335856
0 0 0 0.41731 -0.370067 0.201239 0.335856
0 0 0 0.448805 -0.35432 0.201239 0.335856
0 0 0 0.448805 -0.35432 0.201239 0.335856
0 0 0 0.448805 -0.35432 0.201239 0.335856
0 0 0 0.448805 -0.35432 0.201239 0.335856
0 0 0 0.464553 -0.35432 0.201239 0.335856
0 0 0 0.4803 -0.35432 0.201239 0.335856
0 0 0 0.4803 -0.35432 0.201239 0.335856
0 0 0 0.488174 -0.35432 0.201239 0.335856
0 0 0 0.488174 -0.35432 0.201239 0.335856
0 0 0 0.488174 -0.35432 0.201239 0.335856
0 0 0 0.496048 -0.35432 0.201239 0.335856
0 0 0 0.503922 -0.35432 0.201239 0.335856
0 0 0 0.503922 -0.35432 0.201239 0.335856
0 0 0 0.503922 -0.35432 0.201239 0.335856
0 0 0 0.503922 -0.35432 0.201239 0.335856
0 0 0 0.559038 -0.35432 0.201239 0.335856
0 0 0 0.559038 -0.35432 0.201239 0.335856
0 0 0 0.559038 -0.35432 0.201239 0.335856
0 0 0 0.559038 -0.35432 0.201239 0.335856
0 0 0 0.559038 -0.35432 0.201239 0.335856
0 0 0 0.566912 -0.35432 0.201239 0.335856
0 0 0 0.566912 -0.35432 0.201239 0.335856
0 0 0 0.566912 -0.35432 0.201239 0.335856
0 0 0 0.582659 -0.385815 0.201239 0.335856
0 0 0 0.582659 -0.385815 0.201239 0.335856
0 0 0 0.582659 -0.409436 0.201239 0.335856
0 0 0 0.590533 -0.433058 0.201239 0.335856
0 0 0 0.590533 -0.433058 0.201239 0.335856
0 0 0 0.590533 -0.433058 0.201239 0.335856
0 0 0 0.590533 -0.433058 0.201239 0.335856
0 0 0 0.614154 -0.456679 0.201239 0.335856
0 0 0 0.614154 -0.456679 0.201239 0.335856
0 0 0 0.614154 -0.456679 0.201239 0.335856
0 0 0 0.614154 -0.456679 0.201239 0.335856
0 0 0 0.614154 -0.472427 0.201239 0.335856
0 0 0 0.614154 -0.488174 0.201239 0.335856
0 0 0 0.622028 -0.488174 0.201239 0.335856
0 0 0 0.622028 -0.488174 0.201239 0.335856
0 0 0 0.622028 -0.488174 0.201239 0.335856
0 0 0 0.622028 -0.488174 0.201239 0.335856
0 0 0 0.622028 -0.496048 0.201239 0.335856
0 0 0 0.622028 -0.496048 0.201239 0.335856
0 0 0 0.622028 -0.496048 0.201239 0.335856
0 0 0 0.622028 -0.496048 0.201239 0.335856
0 0 0 0.622028 -0.496048 0.201239 0.335856
0 0 0 0.622028 -0.496048 0.201239 0.335856
0 0 0 0.622028 -0.496048 0.201239 0.335856
0 0 0 0.622028 -0.496048 0.201239 0.335856
0 0 0 0.622028 -0.496048 0.201239 0.335856
0 0 0 0.622028 -0.496048 0.201239 0.335856
0 0 0 0.622028 -0.496048 0.201239 0.335856
0 0 0 0.622028 -0.496048 0.201239 0.335856
0 0 0 0.629902 -0.496048 0.201239 0.335856
0 0 0 0.629902 -0.496048 0.201239 0.335856
0 0 0 0.629902 -0.496048 0.201239 0.335856
0 0 0 0.629902 -0.496048 0.201239 0.335856
0 0 0 0.629902 -0.496048 0.201239 0.335856
0 0 0 0.629902 -0.496048 0.201239 0.335856
0 0 0 0.629902 -0.496048 0.201239 0.335856
0 0 0 0.629902 -0.496048 0.201239 0.335856
0 0 0 0.629902 -0.511795 0.201239 0.335856
0 0 0 0.629902 -0.511795 0.201239 0.335856
0 0 0 0.629902 -0.511795 0.201239 0.335856
0 0 0 0.629902 -0.511795 0.201239 0.335856
0 0 0 0.629902 -0.519669 0.201239 0.335856
0 0 0 0.629902 -0.519669 0.201239 0.335856
0 0 0 0.629902 -0.519669 0.201239 0.335856
0 0 0 0.629902 -0.519669 0.201239 0.335856
0 0 0 0.629902 -0.535417 0.201239 0.335856
0 0 0 0.629902 -0.535417 0.201239 0.335856
0 0 0 0.629902 -0.535417 0.201239 0.335856
0 0 0 0.629902 -0.535417 0.201239 0.335856
0 0 0 0.629902 -0.535417 0.201239 0.335856
0 0 0 0.629902 -0.535417 0.201239 0.335856
0 0 0 0.629902 -0.535417 0.201239 0.335856
0 0 0 0.629902 -0.535417 0.201239 0.335856
0 0 0 0.629902 -0.535417 0.201239 0.335856
0 0 0 0.629902 -0.535417 0.201239 0.335856
0 0 0 0.629902 -0.535417 0.201239 0.335856
0 0 0 0.629902 -0.535417 0.201239 0.335856
0 0 0 0.629902 -0.551164 0.201239 0.335856
0 0 0 0.629902 -0.551164 0.201239 0.335856
0 0 0 0.629902 -0.551164 0.201239 0.335856
0 0 0 0.629902 -0.551164 0.201239 0.335856
0 0 0 0.629902 -0.551164 0.201239 0.335856
0 0 0 0.629902 -0.551164 0.201239 0.335856
0 0 0 0.629902 -0.551164 0.201239 0.335856
0 0 0 0.629902 -0.551164 0.201239 0.335856
0 0 0 0.629902 -0.551164 0.201239 0.335856
0 0 0 0.629902 -0.551164 0.201239 0.335856
0 0 0 0.629902 -0.551164 0.201239 0.335856
0 0 0 0.629902 -0.551164 0.201239 0.335856
0 0 0 0.629902 -0.551164 0.201239 0.335856
0 0 0 0.629902 -0.551164 0.201239 0.335856
0 0 0 0.629902 -0.551164 0.201239 0.335856
0 0 0 0.629902 -0.551164 0.201239 0.335856
0 0 0 0.629902 -0.551164 0.201239 0.335856
0 0 0 0.629902 -0.551164 0.201239 0.335856
0 0 0 0.629902 -0.551164 0.201239 0.335856
0 0 0 0.629902 -0.551164 0.201239 0.335856
0 0 0 0.629902 -0.551164 0.201239 0.335856
0 0 0 0.629902 -0.551164 0.201239 0.335856
0 0 0 0.629902 -0.551164 0.201239 0.335856
0 0 0 0.629902 -0.551164 0.201239 0.335856
0 0 0 0.629902 -0.551164 0.201239 0.335856
0 0 0 0.629902 -0.551164 0.201239 0.335856
0 0 0 0.629902 -0.551164 0.201239 0.335856
0 0 0 0.629902 -0.551164 0.201239 0.335856
0 0 0 0.629902 -0.551164 0.201239 0.335856
0 0 0 0.629902 -0.551164 0.201239 0.335856
0 0 0 0.629902 -0.559038 0.201239 0.335856
0 0 0 0.629902 -0.559038 0.201239 0.335856
0 0 0 0.629902 -0.559038 0.201239 0.335856
0 0 0 0.629902 -0.559038 0.201239 0.335856
0 0 0 0.629902 -0.559038 0.201239 0.335856
0 0 0 0.629902 -0.559038 0.201239 0.335856
0 0 0 0.629902 -0.559038 0.201239 0.335856
0 0 0 0.629902 -0.559038 0.201239 0.335856
0 0 0 0.629902 -0.559038 0.201239 0.335856
0 0 0 0.629902 -0.559038 0.201239 0.335856
0 0 0 0.629902 -0.559038 0.201239 0.335856
0 0 0 0.629902 -0.559038 0.201239 0.335856
0 0 0 0.629902 -0.574786 0.201239 0.335856
0 0 0 0.629902 -0.574786 0.201239 0.335856
0 0 0 0.629902 -0.574786 0.201239 0.335856
0 0 0 0.629902 -0.574786 0.201239 0.335856
0 0 0 0.629902 -0.574786 0.201239 0.335856
0 0 0 0.629902 -0.574786 0.201239 0.335856
0 0 0 0.629902 -0.574786 0.201239 0.335856
0 0 0 0.629902 -0.574786 0.201239 0.335856
0 0 0 0.629902 -0.574786 0.201239 0.335856
0 0 0 0.629902 -0.574786 0.201239 0.335856
0 0 0 0.629902 -0.574786 0.201239 0.335856
0 0 0 0.629902 -0.574786 0.201239 0.335856
0 0 0 0.629902 -0.574786 0.201239 0.335856
0 0 0 0.629902 -0.574786 0.201239 0.335856
0 0 0 0.629902 -0.574786 0.201239 0.335856
0 0 0 0.629902 -0.574786 0.201239 0.335856
0 0 0 0.629902 -0.574786 0.201239 0.335856
0 0 0 0.629902 -0.574786 0.201239 0.335856
0 0 0 0.629902 -0.574786 0.201239 0.335856
0 0 0 0.629902 -0.574786 0.201239 0.335856
0 0 0 0.629902 -0.574786 0.201239 0.335856
0 0 0 0.629902 -0.574786 0.201239 0.335856
0 0 0 0.629902 -0.574786 0.201239 0.335856
0 0 0 0.598407 -0.574786 0.201239 0.335856
0 0 0 0.598407 -0.574786 0.201239 0.335856
0 0 0 0.598407 -0.574786 0.201239 0.335856
0 0 0 0.598407 -0.574786 0.201239 0.335856
0 0 0 0.598407 -0.574786 0.201239 0.335856
0 0 0 0.590533 -0.574786 0.201239 0.335856
0 0 0 0.590533 -0.574786 0.201239 0.335856
0 0 0 0.590533 -0.574786 0.201239 0.335856
0 0 0 0.590533 -0.574786 0.201239 0.335856
0 0 0 0.590533 -0.574786 0.201239 0.335856
0 0 0 0.582659 -0.574786 0.201239 0.335856
0 0 0 0.582659 -0.574786 0.201239 0.335856
0 0 0 0.582659 -0.574786 0.201239 0.335856
0 0 0 0.582659 -0.574786 0.201239 0.335856
0 0 0 0.582659 -0.574786 0.201239 0.335856
0 0 0 0.582659 -0.574786 0.201239 0.335856
0 0 0 0.582659 -0.574786 0.201239 0.335856
0 0 0 0.582659 -0.574786 0.201239 0.335856
0 0 0 0.582659 -0.574786 0.201239 0.335856
0 0 0 0.582659 -0.574786 0.201239 0.335856
0 0 0 0.566912 -0.574786 0.201239 0.335856
0 0 0 0.566912 -0.574786 0.201239 0.335856
0 0 0 0.566912 -0.574786 0.201239 0.335856
0 0 0 0.566912 -0.574786 0.201239 0.335856
0 0 0 0.566912 -0.574786 0.201239 0.335856
0 0 0 0.566912 -0.574786 0.201239 0.335856
0 0 0 0.566912 -0.574786 0.201239 0.335856
0 0 0 0.566912 -0.574786 0.201239 0.335856
0 0 0 0.566912 -0.574786 0.201239 0.335856
0 0 0 0.566912 -0.574786 0.201239 0.335856
0 0 0 0.566912 -0.574786 0.201239 0.335856
0 0 0 0.566912 -0.574786 0.201239 0.335856
0 0 0 0.566912 -0.574786 0.201239 0.335856
0 0 0 0.559038 -0.574786 0.201239 0.335856
0 0 0 0.559038 -0.574786 0.201239 0.335856
0 0 0 0.551164 -0.574786 0.201239 0.335856
0 0 0 0.551164 -0.574786 0.201239 0.335856
0 0 0 0.551164 -0.582659 0.201239 0.335856
0 0 0 0.551164 -0.582659 0.201239 0.335856
0 0 0 0.551164 -0.582659 0.201239 0.335856
0 0 0 0.535417 -0.582659 0.201239 0.335856
0 0 0 0.527543 -0.582659 0.201239 0.335856
0 0 0 0.527543 -0.582659 0.201239 0.335856
0 0 0 0.527543 -0.582659 0.201239 0.335856
0 0 0 0.527543 -0.582659 0.201239 0.335856
0 0 0 0.519669 -0.582659 0.201239 0.335856
0 0 0 0.519669 -0.582659 0.201239 0.335856
0 0 0 0.519669 -0.559038 0.201239 0.335856
0 0 0 0.519669 -0.559038 0.201239 0.335856
0 0 0 0.519669 -0.559038 0.201239 0.335856
0 0 0 0.503922 -0.559038 0.201239 0.335856
0 0 0 0.503922 -0.551164 0.201239 0.335856
0 0 0 0.503922 -0.551164 0.201239 0.335856
0 0 0 0.503922 -0.551164 0.201239 0.335856
0 0 0 0.503922 -0.551164 0.201239 0.335856
0 0 0 0.456679 -0.511795 0.201239 0.335856
0 0 0 0.456679 -0.511795 0.201239 0.335856
0 0 0 0.456679 -0.511795 0.201239 0.335856
0 0 0 0.456679 -0.511795 0.201239 0.335856
0 0 0 0.456679 -0.511795 0.201239 0.335856
0 0 0 0.41731 -0.409436 0.201239 0.335856
0 0 0 0.41731 -0.409436 0.201239 0.335856
0 0 0 0.41731 -0.409436 0.201239 0.335856
0 0 0 0.41731 -0.409436 0.201239 0.335856
0 0 0 0.41731 -0.409436 0.201239 0.335856
0 0 0 0.338572 -0.330699 0.201239 0.335856
0 0 0 0.338572 -0.330699 0.201239 0.335856
0 0 0 0.338572 -0.330699 0.201239 0.335856
0 0 0 0.29133 -0.322825 0.201239 0.335856
0 0 0 0.29133 -0.322825 0.201239 0.335856
0 0 0 0.259835 -0.29133 0.201239 0.335856
0 0 0 0.259835 -0.29133 0.201239 0.335856
0 0 0 0.236213 -0.283456 0.201239 0.335856
0 0 0 0.236213 -0.283456 0.201239 0.335856
0 0 0 0.236213 -0.283456 0.201239 0.335856
0 0 0 0.165349 -0.283456 0.201239 0.335856
0 0 0 0.12598 -0.244087 0.201239 0.335856
0 0 0 0.12598 -0.244087 0.201239 0.335856
0 0 0 0.12598 -0.244087 0.201239 0.335856
0 0 0 0.12598 -0.244087 0.201239 0.335856
0 0 0 0.102359 -0.228339 0.201239 0.335856
0 0 0 0.0866115 -0.204718 0.201239 0.335856
0 0 0 0.0866115 -0.204718 0.201239 0.335856
0 0 0 0.0866115 -0.204718 0.201239 0.335856
0 0 0 0.0866115 -0.204718 0.201239 0.335856
0 0 0 0.0236213 -0.165349 0.201239 0.335856
0 0 0 0.0236213 -0.165349 0.201239 0.335856
0 0 0 0.0236213 -0.165349 0.201239 0.335856
0 0 0 0.0236213 -0.165349 0.201239 0.335856
0 0 0 0.0236213 -0.165349 0.201239 0.335856
0 0 0 0 -0.157476 0.201239 0.335856
0 0 0 0 -0.157476 0.201239 0.335856
0 0 0 0 -0.157476 0.201239 0.335856
0 0 0 0 -0.157476 0.201239 0.335856
0 0 0 0 -0.157476 0.201239 0.335856
0 0 0 0 -0.157476 0.201239 0.335856
0 0 0 0 -0.157476 0.201239 0.335856
0 0 0 0 -0.157476 0.201239 0.335856
0 0 0 0 -0.157476 0.201239 0.335856
0 0 0 0 -0.157476 0.201239 0.335856
0 0 0 0 -0.141728 0.201239 0.335856
0 0 0 0 -0.141728 0.201239 0.335856
0 0 0 0 -0.141728 0.201239 0.335856
0 0 0 0 -0.141728 0.201239 0.335856
0 0 0 0 -0.12598 0.201239 0.335856
0 0 0 -0.0158086 -0.12598 0.201239 0.335856
0 0 0 -0.0158086 -0.12598 0.201239 0.335856
0 0 0 -0.0158086 -0.12598 0.201239 0.335856
0 0 0 -0.0315561 -0.12598 0.201239 0.335856
0 0 0 -0.0315561 -0.12598 0.201239 0.335856
0 0 0 -0.0315561 -0.12598 0.201239 0.335856
0 0 0 -0.0315561 -0.12598 0.201239 0.335856
0 0 0 -0.0315561 -0.118107 0.201239 0.335856
0 0 0 -0.0315561 -0.118107 0.201239 0.335856
0 0 0 -0.0315561 -0.118107 0.201239 0.335856
0 0 0 -0.0315561 -0.0944853 0.201239 0.335856
0 0 0 -0.0315561 -0.0944853 0.201239 0.335856
0 0 0 -0.0315561 -0.0944853 0.201239 0.335856
0 0 0 -0.0315561 -0.0944853 0.201239 0.335856
0 0 0 -0.0315561 -0.0944853 0.201239 0.335856
0 0 0 -0.0315561 -0.0787378 0.201239 0.335856
0 0 0 -0.0315561 -0.0787378 0.201239 0.335856
0 0 0 -0.0315561 -0.0787378 0.201239 0.335856
0 0 0 -0.0315561 -0.0629902 0.201239 0.335856
0 0 0 -0.0315561 -0.0629902 0.201239 0.335856
0 0 0 -0.0473037 -0.0629902 0.201239 0.335856
0 0 0 -0.0473037 -0.0629902 0.201239 0.335856
0 0 0 -0.0473037 -0.0629902 0.201239 0.335856
0 0 0 -0.0630512 -0.0629902 0.201239 0.335856
0 0 0 -0.0630512 -0.0629902 0.201239 0.335856
0 0 0 -0.0630512 -0.0551164 0.201239 0.335856
0 0 0 -0.0630512 -0.0551164 0.201239 0.335856
0 0 0 -0.0787988 -0.0551164 0.201239 0.335856
0 0 0 -0.0787988 -0.0551164 0.201239 0.335856
0 0 0 -0.0787988 -0.0551164 0.201239 0.335856
0 0 0 -0.126041 -0.0551164 0.201239 0.335856
0 0 0 -0.126041 -0.0551164 0.201239 0.335856
0 0 0 -0.126041 -0.0551164 0.201239 0.335856
0 0 0 -0.126041 -0.0551164 0.201239 0.335856
0 0 0 -0.141789 -0.0551164 0.201239 0.335856
0 0 0 -0.141789 -0.0551164 0.201239 0.335856
0 0 0 -0.141789 -0.0551164 0.201239 0.335856
0 0 0 -0.141789 -0.0551164 0.201239 0.335856
0 0 0 -0.157537 -0.0551164 0.201239 0.335856
0 0 0 -0.157537 -0.0551164 0.201239 0.335856
0 0 0 -0.181158 -0.0551164 0.201239 0.335856
0 0 0 -0.181158 -0.0551164 0.201239 0.335856
0 0 0 -0.181158 -0.0551164 0.201239 0.335856
0 0 0 -0.181158 -0.0551164 0.201239 0.335856
0 0 0 -0.181158 -0.0551164 0.201239 0.335856
0 0 0 -0.196905 -0.0551164 0.201239 0.335856
0 0 0 -0.196905 -0.0551164 0.201239 0.335856
0 0 0 -0.212653 -0.0551164 0.201239 0.335856
0 0 0 -0.212653 -0.0551164 0.201239 0.335856
0 0 0 -0.212653 -0.0393689 0.201239 0.335856
0 0 0 -0.212653 -0.0314951 0.201239 0.335856
0 0 0 -0.212653 -0.0314951 0.201239 0.335856
0 0 0 -0.212653 -0.0314951 0.201239 0.335856
0 0 0 -0.212653 -0.0314951 0.201239 0.335856
0 0 0 -0.228401 0 0.201239 0.335856
0 0 0 -0.228401 0 0.201239 0.335856
0 0 0 -0.228401 0 0.201239 0.335856
0 0 0 -0.228401 0 0.201239 0.335856
0 0 0 -0.228401 0 0.201239 0.335856
0 0 0 -0.244148 0 0.201239 0.335856
0 0 0 -0.244148 0 0.201239 0.335856
0 0 0 -0.244148 0 0.201239 0.335856
0 0 0 -0.244148 0 0.201239 0.335856
0 0 0 -0.275643 0 0.201239 0.335856
0 0 0 -0.275643 0 0.201239 0.335856
0 0 0 -0.291391 0 0.201239 0.335856
0 0 0 -0.291391 0 0.201239 0.335856
0 0 0 -0.291391 0 0.201239 0.335856
0 0 0 -0.307138 0.00793481 0.201239 0.335856
0 0 0 -0.307138 0.00793481 0.201239 0.335856
0 0 0 -0.307138 0.0236824 0.201239 0.335856
0 0 0 -0.307138 0.0236824 0.201239 0.335856
0 0 0 -0.322886 0.0394299 0.201239 0.335856
0 0 0 -0.322886 0.0394299 0.201239 0.335856
0 0 0 -0.322886 0.0394299 0.201239 0.335856
0 0 0 -0.362255 0.0394299 0.201239 0.335856
0 0 0 -0.362255 0.0394299 0.201239 0.335856
0 0 0 -0.378002 0.0394299 0.201239 0.335856
0 0 0 -0.378002 0.0394299 0.201239 0.335856
0 0 0 -0.378002 0.0394299 0.201239 0.335856
0 0 0 -0.409497 0.0394299 0.201239 0.335856
0 0 0 -0.425245 0.0394299 0.201239 0.335856
0 0 0 -0.425245 0.0394299 0.201239 0.335856
0 0 0 -0.425245 0.0394299 0.201239 0.335856
0 0 0 -0.425245 0.0394299 0.201239 0.335856
0 0 0 -0.425245 0.00793481 0.201239 0.335856
0 0 0 -0.425245 0.00793481 0.201239 0.335856
0 0 0 -0.45674 3.05185e-005 0.201239 0.335856
0 0 0 -0.45674 3.05185e-005 0.201239 0.335856
0 0 0 -0.45674 3.05185e-005 0.201239 0.335856
0 0 0 -0.472488 3.05185e-005 0.201239 0.335856
0 0 0 -0.503983 3.05185e-005 0.201239 0.335856
0 0 0 -0.503983 3.05185e-005 0.201239 0.335856
0 0 0 -0.503983 3.05185e-005 0.201239 0.335856
0 0 0 -0.503983 3.05185e-005 0.201239 0.335856
0 0 0 -0.527604 3.05185e-005 0.201239 0.335856
0 0 0 -0.527604 3.05185e-005 0.201239 0.335856
0 0 0 -0.543352 3.05185e-005 0.201239 0.335856
0 0 0 -0.543352 3.05185e-005 0.201239 0.335856
0 0 0 -0.543352 3.05185e-005 0.201239 0.335856
0 0 0 -0.559099 3.05185e-005 0.201239 0.335856
0 0 0 -0.574847 3.05185e-005 0.201239 0.335856
0 0 0 -0.574847 3.05185e-005 0.201239 0.335856
0 0 0 -0.574847 3.05185e-005 0.201239 0.335856
0 0 0 -0.574847 3.05185e-005 0.201239 0.335856
0 0 0 -0.574847 3.05185e-005 0.201239 0.335856
0 0 0 -0.574847 3.05185e-005 0.201239 0.335856
0 0 0 -0.590594 3.05185e-005 0.201239 0.335856
0 0 0 -0.590594 3.05185e-005 0.201239 0.335856
0 0 0 -0.590594 3.05185e-005 0.201239 0.335856
0 0 0 -0.622089 3.05185e-005 0.201239 0.335856
0 0 0 -0.622089 3.05185e-005 0.201239 0.335856
0 0 0 -0.622089 3.05185e-005 0.201239 0.335856
0 0 0 -0.622089 3.05185e-005 0.201239 0.335856
0 0 0 -0.622089 3.05185e-005 0.201239 0.335856
0 0 0 -0.622089 3.05185e-005 0.201239 0.335856
0 0 0 -0.622089 3.05185e-005 0.201239 0.335856
0 0 0 -0.622089 3.05185e-005 0.201239 0.335856
0 0 0 -0.622089 3.05185e-005 0.201239 0.335856
0 0 0 -0.622089 3.05185e-005 0.201239 0.335856
0 0 0 -0.622089 3.05185e-005 0.201239 0.335856
0 0 0 -0.622089 3.05185e-005 0.201239 0.335856
0 0 0 -0.622089 3.05185e-005 0.201239 0.335856
0 0 0 -0.622089 3.05185e-005 0.201239 0.335856
0 0 0 -0.622089 3.05185e-005 0.201239 0.335856
0 0 0 -0.622089 3.05185e-005 0.201239 0.335856
0 0 0 -0.622089 3.05185e-005 0.201239 0.335856
0 0 0 -0.622089 3.05185e-005 0.201239 0.335856
0 0 0 -0.622089 3.05185e-005 0.201239 0.335856
0 0 0 -0.622089 3.05185e-005 0.201239 0.335856
0 0 0 -0.622089 3.05185e-005 0.201239 0.335856
0 0 0 -0.622089 3.05185e-005 0.201239 0.335856
0 0 0 -0.622089 3.05185e-005 0.201239 0.335856
0 0 0 -0.622089 3.05185e-005 0.201239 0.335856
0 0 0 -0.622089 3.05185e-005 0.201239 0.335856
0 0 0 -0.622089 3.05185e-005 0.201239 0.335856
0 0 0 -0.622089 3.05185e-005 0.201239 0.335856
0 0 0 -0.622089 3.05185e-005 0.201239 0.335856
0 0 0 -0.622089 3.05185e-005 0.201239 0.335856
0 0 0 -0.622089 3.05185e-005 0.201239 0.335856
0 0 0 -0.622089 3.05185e-005 0.201239 0.335856
0 0 0 -0.622089 3.05185e-005 0.201239 0.335856
0 0 0 -0.622089 3.05185e-005 0.201239 0.335856
0 0 0 -0.622089 3.05185e-005 0.201239 0.335856
0 0 0 -0.637837 3.05185e-005 0.201239 0.335856
0 0 0 -0.653584 3.05185e-005 0.201239 0.335856
0 0 0 -0.653584 3.05185e-005 0.201239 0.335856
0 0 0 -0.653584 3.05185e-005 0.201239 0.335856
0 0 0 -0.653584 3.05185e-005 0.201239 0.335856
0 0 0 -0.653584 3.05185e-005 0.201239 0.335856
0 0 0 -0.669332 3.05185e-005 0.201239 0.335856
0 0 0 -0.669332 3.05185e-005 0.201239 0.335856
0 0 0 -0.669332 3.05185e-005 0.201239 0.335856
0 0 0 -0.669332 3.05185e-005 0.201239 0.335856
0 0 0 -0.669332 3.05185e-005 0.201239 0.335856
0 0 0 -0.669332 3.05185e-005 0.201239 0.335856
0 0 0 -0.669332 3.05185e-005 0.201239 0.335856
0 0 0 -0.669332 3.05185e-005 0.201239 0.335856
0 0 0 -0.669332 3.05185e-005 0.201239 0.335856
0 0 0 -0.669332 3.05185e-005 0.201239 0.335856
0 0 0 -0.669332 3.05185e-005 0.201239 0.335856
0 0 0 -0.669332 3.05185e-005 0.201239 0.335856
0 0 0 -0.68508 3.05185e-005 0.201239 0.335856
0 0 0 -0.68508 3.05185e-005 0.201239 0.335856
0 0 0 -0.68508 3.05185e-005 0.201239 0.335856
0 0 0 -0.68508 3.05185e-005 0.201239 0.335856
0 0 0 -0.68508 3.05185e-005 0.201239 0.335856
0 0 0 -0.68508 3.05185e-005 0.201239 0.335856
0 0 0 -0.68508 3.05185e-005 0.201239 0.335856
0 0 0 -0.68508 3.05185e-005 0.201239 0.335856
0 0 0 -0.68508 3.05185e-005 0.201239 0.335856
0 0 0 -0.68508 3.05185e-005 0.201239 0.335856
0 0 0 -0.68508 3.05185e-005 0.201239 0.335856
0 0 0 -0.68508 3.05185e-005 0.201239 0.335856
0 0 0 -0.68508 3.05185e-005 0.201239 0.335856
0 0 0 -0.68508 3.05185e-005 0.201239 0.335856
0 0 0 -0.68508 3.05185e-005 0.201239 0.335856
0 0 0 -0.68508 3.05185e-005 0.201239 0.335856
0 0 0 -0.68508 3.05185e-005 0.201239 0.335856
0 0 0 -0.68508 3.05185e-005 0.201239 0.335856
0 0 0 -0.68508 3.05185e-005 0.201239 0.335856
0 0 0 -0.68508 3.05185e-005 0.201239 0.335856
0 0 0 -0.68508 3.05185e-005 0.201239 0.335856
0 0 0 -0.68508 3.05185e-005 0.201239 0.335856
0 0 0 -0.68508 3.05185e-005 0.201239 0.335856
0 0 0 -0.68508 3.05185e-005 0.201239 0.335856
0 0 0 -0.68508 3.05185e-005 0.201239 0.335856
0 0 0 -0.68508 3.05185e-005 0.201239 0.335856
0 0 0 -0.68508 3.05185e-005 0.201239 0.335856
0 0 0 -0.68508 3.05185e-005 0.201239 0.335856
0 0 0 -0.68508 3.05185e-005 0.201239 0.335856
0 0 0 -0.68508 3.05185e-005 0.201239 0.335856
0 0 0 -0.68508 3.05185e-005 0.201239 0.335856
0 0 0 -0.68508 3.05185e-005 0.201239 0.335856
0 0 0 -0.68508 3.05185e-005 0.201239 0.335856
0 0 0 -0.68508 3.05185e-005 0.201239 0.335856
0 0 0 -0.68508 3.05185e-005 0.201239 0.335856
0 0 0 -0.68508 3.05185e-005 0.201239 0.335856
0 0 0 -0.68508 3.05185e-005 0.201239 0.335856
0 0 0 -0.68508 3.05185e-005 0.201239 0.335856
0 0 0 -0.68508 3.05185e-005 0.201239 0.335856
0 0 0 -0.68508 3.05185e-005 0.201239 0.335856
0 0 0 -0.68508 3.05185e-005 0.201239 0.335856
0 0 0 -0.68508 3.05185e-005 0.201239 0.335856
0 0 0 -0.68508 3.05185e-005 0.201239 0.335856
0 0 0 -0.68508 0.0236824 0.201239 0.335856
0 0 0 -0.68508 0.0394299 0.201239 0.335856
0 0 0 -0.68508 0.0394299 0.201239 0.335856
0 0 0 -0.68508 0.0394299 0.201239 0.335856
0 0 0 -0.68508 0.0394299 0.201239 0.335856
0 0 0 -0.68508 0.0551775 0.201239 0.335856
0 0 0 -0.68508 0.0551775 0.201239 0.335856
0 0 0 -0.68508 0.0551775 0.201239 0.335856
0 0 0 -0.68508 0.0551775 0.201239 0.335856
0 0 0 -0.68508 0.0551775 0.201239 0.335856
0 0 0 -0.68508 0.0551775 0.201239 0.335856
0 0 0 -0.68508 0.0551775 0.201239 0.335856
0 0 0 -0.68508 0.0551775 0.201239 0.335856
0 0 0 -0.68508 0.0551775 0.201239 0.335856
0 0 0 -0.68508 0.0551775 0.201239 0.335856
0 0 0 -0.68508 0.0866726 0.201239 0.335856
0 0 0 -0.68508 0.0866726 0.201239 0.335856
0 0 0 -0.68508 0.0866726 0.201239 0.335856
0 0 0 -0.68508 0.0866726 0.201239 0.335856
0 0 0 -0.68508 0.0866726 0.201239 0.335856
0 0 0 -0.68508 0.0866726 0.201239 0.335856
0 0 0 -0.68508 0.0866726 0.201239 0.335856
0 0 0 -0.68508 0.0866726 0.201239 0.335856
0 0 0 -0.68508 0.0866726 0.201239 0.335856
0 0 0 -0.68508 0.0866726 0.201239 0.335856
0 0 0 -0.68508 0.0866726 0.201239 0.335856
0 0 0 -0.68508 0.0866726 0.201239 0.335856
0 0 0 -0.68508 0.0866726 0.201239 0.335856
0 0 0 -0.68508 0.0866726 0.201239 0.335856
0 0 0 -0.68508 0.0866726 0.201239 0.335856
0 0 0 -0.68508 0.0866726 0.201239 0.335856
0 0 0 -0.68508 0.0866726 0.201239 0.335856
0 0 0 -0.68508 0.0866726 0.201239 0.335856
0 0 0 -0.68508 0.0866726 0.201239 0.335856
0 0 0 -0.68508 0.0866726 0.201239 0.335856
0 0 0 -0.68508 0.0866726 0.201239 0.335856
0 0 0 -0.68508 0.0866726 0.201239 0.335856
0 0 0 -0.68508 0.0866726 0.201239 0.335856
0 0 0 -0.68508 0.0866726 0.201239 0.335856
0 0 0 -0.68508 0.0866726 0.201239 0.335856
0 0 0 -0.68508 0.0866726 0.201239 0.335856
0 0 0 -0.68508 0.0866726 0.201239 0.335856
0 0 0 -0.68508 0.0866726 0.201239 0.335856
0 0 0 -0.68508 0.0866726 0.201239 0.335856
0 0 0 -0.68508 0.0866726 0.201239 0.335856
0 0 0 -0.68508 0.0866726 0.201239 0.335856
0 0 0 -0.68508 0.0866726 0.201239 0.335856
0 0 0 -0.68508 0.0866726 0.201239 0.335856
0 0 0 -0.68508 0.0866726 0.201239 0.335856
0 0 0 -0.68508 0.0866726 0.201239 0.335856
0 0 0 -0.68508 0.0866726 0.201239 0.335856
0 0 0 -0.68508 0.0866726 0.201239 0.335856
0 0 0 -0.68508 0.0866726 0.201239 0.335856
0 0 0 -0.68508 0.0866726 0.201239 0.335856
0 0 0 -0.68508 0.0866726 0.201239 0.335856
0 0 0 -0.68508 0.0866726 0.201239 0.335856
0 0 0 -0.68508 0.0866726 0.201239 0.335856
0 0 0 -0.68508 0.0866726 0.201239 0.335856
0 0 0 -0.68508 0.0866726 0.201239 0.335856
0 0 0 -0.68508 0.0866726 0.201239 0.335856
0 0 0 -0.68508 0.0866726 0.201239 0.335856
0 0 0 -0.68508 0.0866726 0.201239 0.335856
0 0 0 -0.68508 0.0866726 0.201239 0.335856
0 0 0 -0.68508 0.0866726 0.201239 0.335856
0 0 0 -0.68508 0.0866726 0.201239 0.335856
0 0 0 -0.68508 0.0866726 0.201239 0.335856
0 0 0 -0.68508 0.0866726 0.201239 0.335856
0 0 0 -0.68508 0.0866726 0.201239 0.335856
0 0 0 -0.68508 0.0866726 0.201239 0.335856
0 0 0 -0.68508 0.0866726 0.201239 0.335856
0 0 0 -0.68508 0.0866726 0.201239 0.335856
0 0 0 -0.68508 0.0866726 0.201239 0.335856
0 0 0 -0.68508 0.0866726 0.201239 0.335856
0 0 0 -0.68508 0.0866726 0.201239 0.335856
0 0 0 -0.68508 0.0866726 0.201239 0.335856
0 0 0 -0.68508 0.0866726 0.201239 0.335856
0 0 0 -0.68508 0.0866726 0.201239 0.335856
0 0 0 -0.68508 0.0866726 0.201239 0.335856
0 0 0 -0.68508 0.0866726 0.201239 0.335856
0 0 0 -0.68508 0.0866726 0.201239 0.335856
0 0 0 -0.68508 0.0551775 0.201239 0.335856
0 0 0 -0.68508 0.0551775 0.201239 0.335856
0 0 0 -0.68508 0.0551775 0.201239 0.335856
0 0 0 -0.68508 0.0551775 0.201239 0.335856
0 0 0 -0.68508 0.0551775 0.201239 0.335856
0 0 0 -0.68508 0.0236824 0.201239 0.335856
0 0 0 -0.68508 0.0236824 0.201239 0.335856
0 0 0 -0.68508 0.0236824 0.201239 0.335856
0 0 0 -0.68508 0.0236824 0.201239 0.335856
0 0 0 -0.68508 0.00793481 0.201239 0.335856
0 0 0 -0.68508 0.00793481 0.201239 0.335856
0 0 0 -0.68508 0.00793481 0.201239 0.335856
0 0 0 -0.68508 0.00793481 0.201239 0.335856
0 0 0 -0.68508 0.00793481 0.201239 0.335856
0 0 0 -0.68508 0.00793481 0.201239 0.335856
0 0 0 -0.68508 0.00793481 0.201239 0.335856
0 0 0 -0.68508 0.00793481 0.201239 0.335856
0 0 0 -0.68508 0.00793481 0.201239 0.335856
0 0 0 -0.68508 3.05185e-005 0.201239 0.335856
0 0 0 -0.68508 3.05185e-005 0.201239 0.335856
0 0 0 -0.68508 3.05185e-005 0.201239 0.335856
0 0 0 -0.68508 3.05185e-005 0.201239 0.335856
0 0 0 -0.68508 3.05185e-005 0.201239 0.335856
0 0 0 -0.68508 3.05185e-005 0.201239 0.335856
